element,sp_num,obs_wl_air(A),unc_obs_wl,ritz_wl_air(A),unc_ritz_wl,obs-ritz,intens,Aki(s^-1),Acc,Type,
Cs,3,3001.2842,0.0007,3001.2840,0.0005,0.0002,130000,6.18e+07,,,
Cs,3,3003.0568,0.0020,3003.0545,0.0007,0.0023,600,1.06e+06,,,
Cs,2,3006.735,0.003,3006.73264,0.00011,0.002,250,,,,
Cs,2,3012.033,0.003,3012.03809,0.00011,-0.005,320,,,,
Cs,3,3015.825,0.003,3015.8333,0.0017,-0.008,600,8.68e+06,,,
Cs,2,3020.3411,0.0004,3020.34093,0.00011,0.0002,920,,,,
Cs,2,3020.8967,0.0006,3020.89638,0.00013,0.0003,2500,,,,
Cs,2,3040.232,0.002,3040.23017,0.00011,0.0018,2100,,,,
Cs,3,3050.6787,0.0011,3050.6799,0.0007,-0.0012,14000,2.67e+07,,,
Cs,3,3054.2354,0.0015,3054.2362,0.0005,-0.0008,6600,1.52e+07,,,
Cs,3,3055.9833,0.0020,3055.9854,0.0017,-0.0021,1200,1.07e+08,,,
Cs,2,3060.9395,0.0006,3060.93950,0.00013,0.0000,900,,,,
Cs,3,3061.2604,0.0013,3061.2602,0.0010,0.0002,23000,5.23e+07,,,
Cs,3,3062.596,0.003,3062.5940,0.0005,0.002,600,3.05e+06,,,
Cs,3,3066.5912,0.0007,3066.5910,0.0005,0.0002,20000,5.43e+07,,,
Cs,2,3067.3013,0.0008,3067.30042,0.00012,0.0009,3900,,,,
Cs,2,3078.03,0.09,3078.03064,0.00012, 0.00,120bl,,,,
Cs,3,3078.052,0.014,3078.0512,0.0010,0.001,1200bl,1.99e+07,,,
Cs,2,3080.8564,0.0016,3080.85761,0.00016,-0.0012,3300,,,,
Cs,3,3084.442,0.002,3084.4421,0.0009,-0.0001,1200,1.34e+06,,,
Cs,2,3084.8630,0.0020,3084.86167,0.00015,0.0013,1800,,,,
Cs,2,3092.2937,0.0007,3092.29346,0.00012,0.0002,9700,,,,
Cs,3,3097.4561,0.0008,3097.4567,0.0006,-0.0006,23000,3.69e+07,,,
Cs,2,3113.1438,0.0016,3113.14481,0.00012,-0.0010,79,,,,
Cs,2,3141.5356,0.0009,3141.53506,0.00013,0.0005,4600,,,,
Cs,3,3149.3560,0.0006,3149.3563,0.0006,-0.0003,660000,2.18e+08,,,
Cs,2,3151.1865,0.0008,3151.18613,0.00013,0.0004,29000,,,,
Cs,3,3152.3572,0.0011,3152.3575,0.0005,-0.0003,840000,6.27e+07,,,
Cs,3,3153.9674,0.0015,3153.9674,0.0006, 0.0000,90000,4.90e+07,,,
Cs,2,3161.350,0.002,3161.35104,0.00013,-0.0010,54,,,,
Cs,3,3172.6060,0.0020,3172.6049,0.0015,0.0011,72000,2.25e+08,,,
Cs,2,3173.3440,0.0014,3173.34448,0.00012,-0.0005,1500,,,,
Cs,3,3178.643,0.003,3178.6412,0.0010,0.002,48000,3.40e+07,,,
Cs,3,3198.834,0.002,3198.8318,0.0010,0.0022,1800,3.50e+05,,,
Cs,2,3201.198,0.002,3201.19869,0.00013,-0.0007,3200,,,,
Cs,1,3207.507,0.005,3207.51864,0.00003,-0.012,,8.5e+02,C,,
Cs,1,,,3207.59329,0.00003,,m,,,,
Cs,3,3209.6742,0.0014,3209.6743,0.0007,-0.0001,84000,7.23e+07,,,
Cs,1,3209.967,0.005,3209.980,0.003,-0.013,,9.4e+02,C,,
Cs,1,,,3210.06979,0.00003,,m,,,,
Cs,1,3212.831,0.005,3212.84326,0.00003,-0.012,,1.19e+03,C,,
Cs,1,,,3212.94374,0.00003,,m,,,,
Cs,3,3213.822,0.002,3213.8226,0.0008,-0.0006,78000,3.81e+07,,,
Cs,1,3216.171,0.005,3216.184,0.003,-0.013,,1.49e+03,C,,
Cs,1,,,3216.30532,0.00003,,m,,,,
Cs,2,3219.186,0.004,3219.18338,0.00016,0.003,4000,,,,
Cs,1,3220.116,0.005,3220.1318,0.0003,-0.016,,1.7e+03,C,,
Cs,1,3220.258,0.005,3220.27191,0.00003,-0.014,,1.07e+01,C,,
Cs,1,3224.817,0.005,3224.834,0.003,-0.017,,2.0e+03,C,,
Cs,1,3224.982,0.005,3225.001,0.003,-0.019,,1.43e+01,C,,
Cs,3,3227.3865,0.0019,3227.386,0.003,0.001,7200,6.25e+07,,,
Cs,1,3230.477,0.005,3230.4910,0.0003,-0.014,,2.5e+03,C,,
Cs,1,3230.680,0.005,3230.69404,0.00003,-0.014,,1.97e+01,C,,
Cs,3,3234.2811,0.0013,3234.2810,0.0005,0.0001,3600,9.13e+07,,,
Cs,1,3237.382,0.005,3237.39478,0.00003,-0.013,,2.8e+03,C,,
Cs,1,3237.630,0.005,3237.64381,0.00003,-0.014,,2.63e+01,C,,
Cs,1,3245.925,0.005,3245.9378,0.0003,-0.013,,3.45e+03,C,,
Cs,1,3246.236,0.005,3246.24820,0.00003,-0.012,,3.7e+01,C,,
Cs,3,3247.4975,0.0012,3247.4975,0.0009, 0.0000,1200,1.49e+06,,,
Cs,2,3250.4657,0.0015,3250.46515,0.00017,0.0006,8300,,,,
Cs,3,3255.3104,0.0008,3255.3106,0.0011,-0.0002,50000,2.86e+07,,,
Cs,1,3256.672,0.005,3256.6879,0.0003,-0.016,,4.25e+03,C,,
Cs,1,3257.071,0.005,3257.08223,0.00003,-0.011,,7.0e+01,C,,
Cs,3,3262.2983,0.0010,3262.2991,0.0007,-0.0008,10000,5.01e+06,,,
Cs,2,3265.9103,0.0006,3265.91002,0.00017,0.0003,52000,,,,
Cs,2,3267.124,0.003,3267.12498,0.00017,-0.001,65000,,,,
Cs,3,3268.3212,0.0012,3268.3220,0.0007,-0.0008,40000,2.18e+08,,,
Cs,1,3270.474,0.005,3270.4856,0.0003,-0.012,,6.5e+03,C+,,
Cs,1,3270.977,0.005,3270.99702,0.00003,-0.020,,1.23e+02,C,,
Cs,2,3271.6278,0.0005,3271.62817,0.00016,-0.0004,85000,,,,
Cs,1,3288.601,0.005,3288.6169,0.0003,-0.016,,8.9e+03,D+,,
Cs,1,3289.286,0.005,3289.29769,0.00003,-0.012,,2.5e+02,C+,,
Cs,2,3291.421,0.004,3291.41547,0.00017,0.006,310,,,,
Cs,3,3299.8816,0.0016,3299.8822,0.0012,-0.0006,78000,6.85e+07,,,
Cs,3,3303.7426,0.0016,3303.7443,0.0007,-0.0017,37000,2.88e+06,,,
Cs,3,3311.534,0.002,3311.5366,0.0009,-0.0026,21000,1.98e+07,,,
Cs,1,3313.121,0.005,3313.1384,0.0003,-0.017,,1.45e+04,C+,,
Cs,1,3314.055,0.005,3314.07305,0.00003,-0.018,,5.0e+02,C+,,
Cs,3,3315.287,0.003,3315.2889,0.0009,-0.002,1200,7.88e+06,,,
Cs,3,3315.5138,0.0013,3315.5148,0.0007,-0.0010,780000,6.27e+07,,,
Cs,3,3322.7926,0.0013,3322.7942,0.0010,-0.0016,1800,1.27e+07,,,
Cs,2,3324.4770,0.0017,3324.47509,0.00018,0.0019,2100,,,,
Cs,2,3329.4167,0.0009,3329.41627,0.00014,0.0004,350,,,,
Cs,3,3339.860,0.003,3339.8603,0.0009, 0.000,1800,2.08e+07,,,
Cs,3,3340.6042,0.0008,3340.6050,0.0006,-0.0008,330000,1.07e+08,,,
Cs,3,3344.021,0.003,3344.0229,0.0017,-0.002,260000,2.70e+08,,,
Cs,2,3345.657,0.002,3345.65709,0.00016,-0.0001,750,,,,
Cs,1,3347.490,0.005,3347.5123,0.0003,-0.022,,2.14e+04,B,,
Cs,1,3348.820,0.005,3348.84823,0.00003,-0.028,,1.06e+03,B,,
Cs,3,3349.4633,0.0013,3349.4641,0.0006,-0.0008,720000,2.49e+08,,,
Cs,3,3357.6995,0.0016,3357.7006,0.0014,-0.0011,56000,5.28e+07,,,
Cs,3,3358.9190,0.0013,3358.9199,0.0014,-0.0009,600,4.39e+07,,,
Cs,2,3368.5691,0.0018,3368.56949,0.00020,-0.0004,57000,,,,
Cs,3,3379.1175,0.0008,3379.1175,0.0007,0.0000,2400,1.49e+07,,,
Cs,3,3389.2892,0.0013,3389.2894,0.0011,-0.0002,2400,3.50e+07,,,
Cs,3,3397.215,0.017,3397.2183,0.0019,-0.003,2400bl,4.75e+07,,,
Cs,2,3397.31,0.12,3397.31728,0.00018,-0.01,350bl,,,,
Cs,1,3397.966,0.005,3397.9779,0.0003,-0.012,,3.6e+04,C+,,
Cs,1,3399.979,0.005,3399.98885,0.00003,-0.010,,2.36e+03,B,,
Cs,3,3406.6443,0.0013,3406.6448,0.0008,-0.0005,110000,8.40e+07,,,
Cs,2,3410.1151,0.0016,3410.11445,0.00011,0.0007,280,,,,
Cs,3,3411.3373,0.0017,3411.3355,0.0016,0.0018,140000,2.55e+08,,,
Cs,2,3412.333,0.005,3412.3382,0.0006,-0.005,400,,,,
Cs,2,3413.8308,0.0008,3413.83107,0.00017,-0.0003,130,,,,
Cs,3,3418.1118,0.0009,3418.1123,0.0009,-0.0005,21000,4.76e+07,,,
Cs,2,3427.997,0.010,3428.0096,0.0008,-0.013,50,,,,
Cs,2,3431.460,0.002,3431.46044,0.00019,-0.0004,890,,,,
Cs,2,3440.143,0.010,3440.14429,0.00018,-0.001,50,,,,
Cs,3,3443.9758,0.0014,3443.9720,0.0013,0.0038,1200,1.56e+07,,,
Cs,2,3449.074,0.003,3449.07583,0.00014,-0.002,180,,,,
Cs,3,3450.4205,0.0014,3450.4199,0.0010,0.0006,25000,7.07e+06,,,
Cs,3,3463.4449,0.0016,3463.4455,0.0007,-0.0006,240000,1.52e+07,,,
Cs,3,3465.2239,0.0013,3465.2242,0.0006,-0.0003,23000,2.68e+06,,,
Cs,2,3470.148,0.002,3470.14705,0.00015,0.0009,90,,,,
Cs,2,3474.843,0.002,3474.84474,0.00019,-0.0017,300,,,,
Cs,2,3475.988,0.003,3475.98713,0.00018,0.001,290,,,,
Cs,1,3476.809,0.005,3476.82069,0.00013,-0.012,,6.3e+04,B,,
Cs,1,3480.060,0.005,3480.07222,0.00006,-0.012,,6.3e+03,B,,
Cs,2,3488.6180,0.0018,3488.61688,0.00015,0.0011,440,,,,
Cs,3,3503.655,0.003,3503.6575,0.0015,-0.003,1200,2.87e+06,,,
Cs,2,3514.047,0.002,3514.04625,0.00020,0.0008,15000,,,,
Cs,3,3518.3210,0.0012,3518.3205,0.0006,0.0005,59000,3.48e+06,,,
Cs,2,3531.372,0.002,3531.37059,0.00017,0.0014,6800,,,,
Cs,2,3532.4827,0.0020,3532.48472,0.00017,-0.0020,40,,,,
Cs,3,3532.888,0.002,3532.8881,0.0010,-0.0001,600,8.18e+06,,,
Cs,3,3533.383,0.002,3533.3825,0.0016,0.000,17000,3.15e+07,,,
Cs,2,3541.279,0.003,3541.2755,0.0010,0.004,110,,,,
Cs,3,3541.569,0.002,3541.5702,0.0010,-0.0012,2400,1.81e+07,,,
Cs,2,3544.800,0.002,3544.80160,0.00019,-0.0016,390,,,,
Cs,2,3546.3752,0.0016,3546.3782,0.0006,-0.0030,42,,,,
Cs,2,3551.1641,0.0020,3551.16524,0.00023,-0.0011,280,,,,
Cs,3,3559.817,0.002,3559.8154,0.0014,0.0016,290000,1.76e+08,,,
Cs,3,3562.137,0.003,3562.1342,0.0011,0.003,11000,8.40e+06,,,
Cs,3,3565.143,0.002,3565.1431,0.0010,-0.0001,90000,1.99e+08,,,
Cs,2,3566.144,0.002,3566.14369,0.00023,0.0003,2700,,,,
Cs,2,3576.557,0.002,3576.5574,0.0022, 0.000,41,,,,
Cs,3,3592.487,0.003,3592.4859,0.0007,0.001,6600,2.25e+06,,,
Cs,2,3595.535,0.002,3595.53398,0.00020,0.0010,170,,,,
Cs,3,3597.4524,0.0015,3597.4525,0.0009,-0.0001,320000,1.63e+08,,,
Cs,3,3598.9507,0.0012,3598.9502,0.0007,0.0005,100000,1.53e+07,,,
Cs,3,3602.8693,0.0011,3602.8699,0.0006,-0.0006,220000,7.55e+06,,,
Cs,2,3605.447,0.002,3605.44761,0.00019,-0.0006,5100,,,,
Cs,3,3605.571,0.020,3605.5712,0.0012, 0.000,120000bl,4.68e+06,,,
Cs,2,3606.8347,0.0012,3606.8346,0.0004,0.0001,28,,,,
Cs,3,3608.312,0.003,3608.3102,0.0010,0.002,780000,2.23e+08,,,
Cs,2,3610.934,0.003,3610.93245,0.00019,0.002,4700,,,,
Cs,1,3611.4714,0.0019,3611.46769,0.00015,0.0037,160,1.43e+05,C+,,
Cs,2,3615.0112,0.0016,3615.01076,0.00020,0.0004,11000,,,,
Cs,1,3617.3084,0.0017,3617.30663,0.00007,0.0018,32,2.2e+04,C,,
Cs,2,3617.810,0.005,3617.805,0.005,0.005,34,,,,
Cs,3,3618.190,0.006,3618.1868,0.0021,0.003,380000,1.41e+07,,,
Cs,2,3618.527,0.004,3618.52288,0.00019,0.004,6800,,,,
Cs,3,3622.704,0.002,3622.7060,0.0007,-0.0020,31000,1.23e+07,,,
Cs,3,3624.4406,0.0014,3624.4398,0.0021,0.0008,17000,5.79e+07,,,
Cs,3,3630.688,0.003,3630.689,0.003,-0.001,20000,2.25e+08,,,
Cs,2,3639.431,0.008,3639.42631,0.00019,0.005,69,,,,
Cs,3,3641.3431,0.0008,3641.3434,0.0008,-0.0003,180000c,1.43e+08,,,
Cs,3,3643.781,0.003,3643.776,0.003,0.005,22000,5.41e+07,,,
Cs,3,3651.0793,0.0014,3651.0790,0.0009,0.0003,310000,2.58e+06,,,
Cs,2,3655.426,0.002,3655.42363,0.00025,0.0024,1900,,,,
Cs,2,3655.5491,0.0017,3655.5519,0.0007,-0.0028,120,,,,
Cs,2,3656.122,0.004,3656.1185,0.0011,0.004,40,,,,
Cs,3,3656.719,0.004,3656.7199,0.0020,-0.001,42000,1.01e+08,,,
Cs,3,3661.4040,0.0020,3661.4028,0.0010,0.0012,880000,1.65e+08,,,
Cs,2,3666.508,0.003,3666.5011,0.0005,0.007,28,,,,
Cs,2,3674.17,0.14,3674.1656,0.0007,0.00,21bl,,,,
Cs,2,3680.1096,0.0013,3680.1094,0.0003,0.0002,17000,,,,
Cs,3,3680.4699,0.0013,3680.4698,0.0010,0.0001,190000,7.03e+07,,,
Cs,2,3682.4865,0.0011,3682.48733,0.00021,-0.0008,1400,,,,
Cs,2,3687.626,0.003,3687.6261,0.0023, 0.000,94,,,,
Cs,2,3688.7143,0.0017,3688.71507,0.00024,-0.0008,350,,,,
Cs,2,3694.7843,0.0012,3694.7817,0.0003,0.0026,40,,,,
Cs,3,3699.494,0.003,3699.4945,0.0020, 0.000,380000,1.81e+08,,,
Cs,3,3710.7865,0.0011,3710.7856,0.0025,0.0009,9000,1.44e+08,,,
Cs,2,3717.6684,0.0016,3717.6684,0.0022, 0.0000,45,,,,
Cs,2,3724.7567,0.0011,3724.75659,0.00019,0.0001,3400,,,,
Cs,3,3729.9916,0.0009,3729.9923,0.0008,-0.0007,58000,5.67e+06,,,
Cs,2,3730.238,0.003,3730.235,0.003,0.003,160,,,,
Cs,2,3732.331,0.004,3732.327,0.003,0.004,76,,,,
Cs,2,3732.5561,0.0008,3732.55622,0.00019,-0.0001,13000,,,,
Cs,3,3734.357,0.004,3734.3556,0.0019,0.001,140000,1.34e+08,,,
Cs,2,3743.6823,0.0015,3743.6821,0.0003,0.0002,89,,,,
Cs,2,3747.7607,0.0014,3747.7581,0.0003,0.0026,56,,,,
Cs,3,3751.4182,0.0019,3751.4206,0.0014,-0.0024,32000,3.53e+07,,,
Cs,2,3751.8023,0.0016,3751.80247,0.00023,-0.0002,24,,,,
Cs,2,3759.3138,0.0012,3759.3136,0.0007,0.0002,83,,,,
Cs,2,3764.1660,0.0014,3764.1644,0.0003,0.0016,43,,,,
Cs,2,3764.802,0.002,3764.8016,0.0003,0.0004,1300,,,,
Cs,2,3766.079,0.004,3766.080,0.006,-0.001,60,,,,
Cs,2,3783.5159,0.0008,3783.5128,0.0003,0.0031,33,,,,
Cs,2,3785.4378,0.0011,3785.43739,0.00019,0.0004,110000,,,,
Cs,2,3789.0082,0.0015,3789.0071,0.0020,0.0011,74,,,,
Cs,2,3789.482,0.003,3789.4811,0.0017,0.001,23,,,,
Cs,2,3790.6282,0.0011,3790.6270,0.0003,0.0012,470,,,,
Cs,3,3797.9265,0.0015,3797.9258,0.0008,0.0007,19000,4.93e+06,,,
Cs,2,3799.4478,0.0017,3799.4489,0.0022,-0.0011,33,,,,
Cs,2,3803.1536,0.0014,3803.1532,0.0019,0.0004,47,,,,
Cs,2,3805.1250,0.0011,3805.12482,0.00019,0.0002,270000,,,,
Cs,3,3817.4784,0.0016,3817.4796,0.0009,-0.0012,19000,2.58e+06,,,
Cs,2,3817.8580,0.0013,3817.8656,0.0006,-0.0076,31,,,,
Cs,3,3819.5548,0.0015,3819.5546,0.0011,0.0002,55000,1.62e+07,,,
Cs,3,3822.3706,0.0015,3822.3718,0.0020,-0.0012,19000,4.80e+07,,,
Cs,3,3823.626,0.002,3823.6266,0.0011,-0.0006,29000,1.04e+06,,,
Cs,2,3825.0439,0.0012,3825.0423,0.0003,0.0016,370,,,,
Cs,2,3828.8842,0.0015,3828.8788,0.0016,0.0054,16,,,,
Cs,2,3833.383,0.002,3833.3820,0.0007,0.0010,79,,,,
Cs,3,3837.4620,0.0017,3837.4627,0.0007,-0.0007,260000,9.22e+06,,,
Cs,2,3837.6293,0.0013,3837.6288,0.0003,0.0005,190,,,,
Cs,2,3840.245,0.004,3840.245,0.003,0.000,160,,,,
Cs,2,3848.9515,0.0012,3848.9506,0.0008,0.0009,37,,,,
Cs,2,3850.545,0.008,3850.536,0.006,0.009,16,,,,
Cs,2,3853.5212,0.0013,3853.5214,0.0018,-0.0002,47,,,,
Cs,2,3861.4996,0.0008,3861.49875,0.00021,0.0008,52000,,,,
Cs,3,3864.335,0.002,3864.3346,0.0017,0.000,200000,1.72e+08,,,
Cs,2,3867.125,0.003,3867.1315,0.0011,-0.007,120,,,,
Cs,2,3870.1798,0.0012,3870.18037,0.00021,-0.0006,4400,,,,
Cs,3,3870.436,0.004,3870.432,0.003,0.004,4800,4.70e+05,,,
Cs,2,3874.1641,0.0012,3874.1628,0.0003,0.0013,310,,,,
Cs,1,3876.1486,0.0008,3876.147,0.005,0.002,2100,3.9e+05,B+,,
Cs,2,3876.501,0.004,3876.50091,0.00022,0.000,800,,,,
Cs,2,3878.252,0.003,3878.252,0.005, 0.000,130,,,,
Cs,2,3880.963,0.003,3880.965,0.004,-0.002,26,,,,
Cs,2,3883.356,0.002,3883.3641,0.0017,-0.008,4,,,,
Cs,3,3883.630,0.004,3883.629,0.003,0.001,13000,1.83e+08,,,
Cs,3,3888.3745,0.0020,3888.3763,0.0012,-0.0018,740000,7.77e+06,,,
Cs,1,3888.611413,0.000022,3888.611413,0.000022, 0.000000,600,9.0e+04,C+,,
Cs,3,3892.217,0.005,3892.2215,0.0019,-0.004,29000,6.33e+05,,,
Cs,2,3896.9860,0.0010,3896.98641,0.00020,-0.0004,340000,,,,
Cs,2,3899.631,0.003,3899.63038,0.00023,0.001,80,,,,
Cs,2,3900.072,0.003,3900.07180,0.00021,0.000,810,,,,
Cs,2,3904.599,0.007,3904.6079,0.0023,-0.009,97,,,,
Cs,3,3904.816,0.003,3904.8187,0.0018,-0.003,66000,1.95e+07,,,
Cs,2,3906.9400,0.0012,3906.93949,0.00020,0.0005,38000,,,,
Cs,3,3910.3156,0.0015,3910.3167,0.0009,-0.0011,26000,1.30e+05,,,
Cs,2,3913.3552,0.0011,3913.3537,0.0003,0.0015,490,,,,
Cs,2,3915.0569,0.0015,3915.0572,0.0020,-0.0003,55,,,,
Cs,3,3925.5957,0.0014,3925.5957,0.0008,0.0000,620000,6.18e+07,,,
Cs,2,3934.987,0.002,3934.99040,0.00019,-0.0034,49,,,,
Cs,3,3938.264,0.002,3938.2655,0.0008,-0.0015,18000,9.75e+04,,,
Cs,2,3941.4216,0.0012,3941.4216,0.0014,0.0000,33,,,,
Cs,2,3944.285,0.005,3944.2820,0.0016,0.003,160,,,,
Cs,2,3944.4506,0.0012,3944.4485,0.0011,0.0021,16,,,,
Cs,3,3955.935,0.002,3955.9381,0.0010,-0.0031,130000,6.10e+07,,,
Cs,2,3956.956,0.016,3956.976,0.006,-0.020,48,,,,
Cs,2,3959.5054,0.0010,3959.5055,0.0003,-0.0001,420000,,,,
Cs,2,3965.1964,0.0007,3965.19682,0.00020,-0.0004,250000,,,,
Cs,2,3967.2040,0.0008,3967.20370,0.00019,0.0003,5200,,,,
Cs,2,3971.771,0.007,3971.770,0.004,0.001,40,,,,
Cs,2,3974.2504,0.0011,3974.25023,0.00021,0.0002,210000,,,,
Cs,2,3976.518,0.004,3976.520,0.008,-0.002,55,,,,
Cs,3,3977.555,0.004,3977.5449,0.0021,0.010,13000,5.18e+06,,,
Cs,2,3977.999,0.002,3977.99908,0.00020,-0.0001,53000,,,,
Cs,2,3978.363,0.002,3978.36426,0.00024,-0.0013,1000,,,,
Cs,2,3984.268,0.003,3984.269,0.005,-0.001,20,,,,
Cs,3,3993.870,0.008,3993.8756,0.0008,-0.006,40000,5.72e+05,,,
Cs,2,3999.7676,0.0017,3999.7674,0.0018,0.0002,360,,,,
Cs,3,4001.6978,0.0009,4001.6981,0.0009,-0.0003,410000c,9.05e+07,,,
Cs,3,4006.5444,0.0016,4006.5447,0.0008,-0.0003,860000,1.08e+08,,,
Cs,3,4006.7773,0.0017,4006.7797,0.0012,-0.0024,250000,3.60e+07,,,
Cs,2,4010.5873,0.0015,4010.5868,0.0008,0.0005,65,,,,
Cs,2,4011.0344,0.0013,4011.0338,0.0018,0.0006,81,,,,
Cs,3,4015.032,0.003,4015.0353,0.0009,-0.003,13000,3.95e+05,,,
Cs,2,4018.073,0.003,4018.0701,0.0023,0.003,31,,,,
Cs,3,4023.604,0.004,4023.608,0.003,-0.004,110000,3.50e+07,,,
Cs,3,4028.414,0.004,4028.4246,0.0016,-0.011,3600,5.25e+06,,,
Cs,3,4028.637,0.007,4028.6264,0.0024,0.011,2400,2.55e+07,,,
Cs,2,4030.135,0.007,4030.135,0.010,0.000,110,,,,
Cs,2,4032.1219,0.0010,4032.1225,0.0013,-0.0006,140,,,,
Cs,3,4035.127,0.004,4035.1314,0.0019,-0.004,6600,3.65e+07,,,
Cs,2,4039.8545,0.0007,4039.85602,0.00020,-0.0015,800000,,,,
Cs,2,4041.005,0.005,4041.006,0.007,-0.001,1300,,,,
Cs,3,4043.424,0.003,4043.4262,0.0021,-0.002,310000,1.23e+08,,,
Cs,2,4047.1924,0.0012,4047.19233,0.00020,0.0001,45000,,,,
Cs,2,4047.811,0.003,4047.8148,0.0012,-0.004,29,,,,
Cs,2,4053.9701,0.0015,4053.96972,0.00024,0.0004,21000,,,,
Cs,2,4060.544,0.005,4060.545,0.007,-0.001,38,,,,
Cs,2,4067.9597,0.0003,4067.96132,0.00020,-0.0016,80000,,,,
Cs,2,4068.7811,0.0004,4068.78245,0.00022,-0.0013,200000,,,,
Cs,2,4075.443,0.004,4075.4480,0.0003,-0.005,55,,,,
Cs,2,4078.103,0.005,4078.1150,0.0023,-0.012,26,,,,
Cs,3,4081.492,0.003,4081.4907,0.0013,0.001,140000,1.41e+08,,,
Cs,2,4089.6552,0.0010,4089.6554,0.0004,-0.0002,280,,,,
Cs,2,4090.350,0.002,4090.350,0.003,0.000,42,,,,
Cs,2,4097.893,0.002,4097.8912,0.0014,0.0018,17,,,,
Cs,2,4100.3248,0.0013,4100.3254,0.0017,-0.0006,330,,,,
Cs,2,4101.0470,0.0006,4101.0471,0.0009,-0.0001,150,,,,
Cs,2,4106.7876,0.0006,4106.7867,0.0003,0.0009,240,,,,
Cs,2,4108.2374,0.0007,4108.23778,0.00021,-0.0004,1800,,,,
Cs,3,4119.290,0.003,4119.290,0.004, 0.000,5400,4.10e+07,,,
Cs,2,4121.1827,0.0006,4121.18300,0.00022,-0.0003,1900,,,,
Cs,2,4132.0057,0.0011,4132.00518,0.00023,0.0005,13000,,,,
Cs,2,4145.404,0.003,4145.4051,0.0024,-0.001,73,,,,
Cs,2,4151.2722,0.0004,4151.27283,0.00021,-0.0006,32000,,,,
Cs,2,4151.7320,0.0009,4151.7323,0.0003,-0.0003,2900,,,,
Cs,3,4151.998,0.002,4151.9985,0.0025, 0.000,51000,3.17e+07,,,
Cs,3,4158.601,0.005,4158.5961,0.0024,0.005,96000,1.09e+07,,,
Cs,3,4163.2511,0.0014,4163.2515,0.0017,-0.0004,38000,4.40e+07,,,
Cs,2,4166.736,0.002,4166.73332,0.00022,0.0027,35,,,,
Cs,2,4168.9959,0.0009,4168.9957,0.0003,0.0002,160,,,,
Cs,3,4173.543,0.003,4173.5452,0.0011,-0.002,90000,6.33e+06,,,
Cs,2,4174.8312,0.0015,4174.8312,0.0004, 0.0000,230,,,,
Cs,2,4176.1078,0.0008,4176.1056,0.0003,0.0022,360,,,,
Cs,2,4177.832,0.002,4177.8336,0.0007,-0.0016,29,,,,
Cs,2,4179.801,0.002,4179.8017,0.0012,-0.0007,120,,,,
Cs,2,4184.3236,0.0013,4184.3237,0.0018,-0.0001,320,,,,
Cs,2,4186.2374,0.0013,4186.2376,0.0011,-0.0002,380,,,,
Cs,2,4187.355,0.003,4187.3528,0.0018,0.002,170,,,,
Cs,2,4187.5462,0.0010,4187.5464,0.0004,-0.0002,2500,,,,
Cs,2,4190.377,0.004,4190.378,0.004,-0.001,48,,,,
Cs,3,4193.238,0.003,4193.239,0.003,-0.001,24000,2.21e+07,,,
Cs,2,4194.097,0.004,4194.103,0.005,-0.006,20,,,,
Cs,2,4201.0489,0.0016,4201.0494,0.0009,-0.0005,280,,,,
Cs,2,4205.128,0.004,4205.1207,0.0012,0.007,250,,,,
Cs,2,4206.420,0.004,4206.420,0.003,0.000,40,,,,
Cs,2,4208.129,0.003,4208.13143,0.00023,-0.002,200,,,,
Cs,3,4212.753,0.018,4212.7496,0.0018,0.003,60000bl,9.23e+06,,,
Cs,2,4213.1417,0.0003,4213.14209,0.00023,-0.0004,200000,,,,
Cs,2,4219.4740,0.0007,4219.4749,0.0003,-0.0009,1200,,,,
Cs,2,4220.5212,0.0009,4220.5206,0.0007,0.0006,720,,,,
Cs,2,4221.1215,0.0004,4221.12187,0.00023,-0.0004,29000,,,,
Cs,2,4228.5364,0.0020,4228.5283,0.0007,0.0081,30,,,,
Cs,2,4232.1981,0.0003,4232.19846,0.00024,-0.0004,190000,,,,
Cs,2,4234.4105,0.0003,4234.41065,0.00022,-0.0002,98000,,,,
Cs,2,4238.550,0.004,4238.5537,0.0016,-0.004,130,,,,
Cs,2,4241.134,0.004,4241.1345,0.0015,-0.001,67,,,,
Cs,2,4241.983,0.005,4241.97797,0.00023,0.005,9600,,,,
Cs,2,4246.5565,0.0015,4246.5587,0.0006,-0.0022,1200,,,,
Cs,2,4256.3674,0.0015,4256.3661,0.0004,0.0013,110,,,,
Cs,2,4259.0020,0.0011,4259.0010,0.0003,0.0010,1600,,,,
Cs,2,4261.3313,0.0010,4261.3317,0.0003,-0.0004,370,,,,
Cs,2,4264.7023,0.0004,4264.70255,0.00024,-0.0003,1400000,,,,
Cs,2,4267.8622,0.0016,4267.8623,0.0022,-0.0001,150,,,,
Cs,2,4271.7359,0.0015,4271.73587,0.00022,0.0000,3400,,,,
Cs,2,4277.1300,0.0003,4277.1303,0.0003,-0.0003,1800000,,,,
Cs,2,4279.433,0.005,4279.43730,0.00023,-0.004,630,,,,
Cs,3,4283.720,0.003,4283.715,0.003,0.005,4200,9.43e+05,,,
Cs,2,4284.251,0.003,4284.25477,0.00023,-0.004,1800,,,,
Cs,2,4287.573,0.004,4287.5715,0.0011,0.002,430,,,,
Cs,2,4288.3750,0.0003,4288.37507,0.00023,-0.0001,510000,,,,
Cs,2,4292.0017,0.0004,4292.00145,0.00025,0.0002,7200,,,,
Cs,2,4293.0641,0.0015,4293.0668,0.0011,-0.0027,830,,,,
Cs,3,4296.097,0.004,4296.0932,0.0017,0.004,20000,2.08e+06,,,
Cs,3,4297.518,0.003,4297.5224,0.0022,-0.004,16000,1.09e+07,,,
Cs,2,4300.6527,0.0003,4300.6530,0.0003,-0.0003,190000,,,,
Cs,2,4306.4740,0.0011,4306.4735,0.0003,0.0005,2200,,,,
Cs,2,4307.961,0.003,4307.95879,0.00025,0.002,3500,,,,
Cs,3,4312.797,0.003,4312.7908,0.0022,0.006,6600,3.53e+07,,,
Cs,2,4312.8624,0.0016,4312.8622,0.0017,0.0002,110,,,,
Cs,2,4313.541,0.004,4313.5391,0.0008,0.002,69,,,,
Cs,2,4320.3991,0.0012,4320.3998,0.0009,-0.0007,320,,,,
Cs,2,4323.4689,0.0013,4323.4698,0.0017,-0.0009,620,,,,
Cs,2,4325.420,0.003,4325.4181,0.0011,0.002,110,,,,
Cs,3,4326.3284,0.0012,4326.3290,0.0017,-0.0006,22000,3.58e+07,,,
Cs,2,4327.565,0.003,4327.56259,0.00021,0.002,380,,,,
Cs,2,4330.2533,0.0003,4330.25331,0.00024, 0.0000,43000,,,,
Cs,3,4335.439,0.003,4335.4380,0.0012,0.001,7800,1.71e+06,,,
Cs,2,4348.596,0.002,4348.59405,0.00024,0.0020,120,,,,
Cs,2,4350.0101,0.0015,4350.0091,0.0010,0.0010,150,,,,
Cs,2,4360.966,0.005,4360.9627,0.0008,0.003,35,,,,
Cs,2,4363.2986,0.0003,4363.29875,0.00024,-0.0002,760000,,,,
Cs,2,4373.0354,0.0003,4373.0356,0.0003,-0.0002,370000,,,,
Cs,2,4380.094,0.003,4380.0953,0.0004,-0.001,92,,,,
Cs,2,4384.4424,0.0003,4384.44256,0.00023,-0.0002,96000,,,,
Cs,2,4384.6550,0.0014,4384.6631,0.0008,-0.0081,1800,,,,
Cs,2,4387.214,0.003,4387.2149,0.0023,-0.001,90,,,,
Cs,2,4388.779,0.004,4388.78362,0.00023,-0.005,4900,,,,
Cs,2,4395.077,0.003,4395.0794,0.0012,-0.002,76,,,,
Cs,2,4395.998,0.003,4395.9968,0.0010,0.001,120,,,,
Cs,2,4396.9138,0.0004,4396.91327,0.00025,0.0005,10000,,,,
Cs,2,4397.7734,0.0014,4397.7727,0.0008,0.0007,460,,,,
Cs,3,4398.004,0.002,4398.0059,0.0011,-0.0019,43000,9.50e+06,,,
Cs,2,4399.4969,0.0003,4399.4966,0.0003,0.0003,33000,,,,
Cs,3,4403.863,0.003,4403.8608,0.0010,0.002,220000,1.32e+07,,,
Cs,2,4405.2555,0.0003,4405.25568,0.00025,-0.0002,390000,,,,
Cs,3,4410.2214,0.0019,4410.2226,0.0010,-0.0012,720000,2.68e+07,,,
Cs,2,4415.1947,0.0017,4415.1958,0.0020,-0.0011,91,,,,
Cs,2,4424.0557,0.0003,4424.0553,0.0004,0.0004,19000,,,,
Cs,3,4425.675,0.003,4425.6759,0.0010,-0.001,560000,1.87e+07,,,
Cs,2,4435.7001,0.0003,4435.6999,0.0003,0.0002,53000,,,,
Cs,2,4436.0867,0.0011,4436.0870,0.0003,-0.0003,970,,,,
Cs,2,4441.383,0.004,4441.3753,0.0003,0.008,30,,,,
Cs,2,4444.0044,0.0004,4444.0044,0.0003, 0.0000,8500,,,,
Cs,2,4446.840,0.002,4446.8408,0.0018,-0.001,160,,,,
Cs,3,4447.664,0.002,4447.6656,0.0020,-0.002,66000,1.41e+07,,,
Cs,2,4447.836,0.003,4447.8344,0.0005,0.002,11,,,,
Cs,2,4450.7946,0.0013,4450.7948,0.0003,-0.0002,1500,,,,
Cs,2,4453.3855,0.0017,4453.3812,0.0012,0.0043,560,,,,
Cs,2,4455.351,0.003,4455.3498,0.0014,0.001,82,,,,
Cs,2,4457.6898,0.0003,4457.6899,0.0004,-0.0001,64000,,,,
Cs,2,4458.4724,0.0013,4458.4735,0.0004,-0.0011,21,,,,
Cs,2,4459.157,0.004,4459.1560,0.0003,0.001,490,,,,
Cs,2,4473.3379,0.0017,4473.3360,0.0012,0.0019,180,,,,
Cs,2,4476.9528,0.0015,4476.9536,0.0016,-0.0008,710,,,,
Cs,2,4478.997,0.004,4478.9982,0.0018,-0.001,80,,,,
Cs,2,4488.0195,0.0020,4488.0210,0.0005,-0.0015,270,,,,
Cs,2,4489.1236,0.0016,4489.1262,0.0014,-0.0026,1200,,,,
Cs,3,4493.667,0.003,4493.6652,0.0023,0.002,60000,2.93e+06,,,
Cs,2,4496.7498,0.0004,4496.7496,0.0003,0.0002,15000,,,,
Cs,2,4501.5515,0.0003,4501.5517,0.0003,-0.0002,1200000,,,,
Cs,3,4506.7209,0.0013,4506.7197,0.0011,0.0012,720000,1.44e+07,,,
Cs,2,4506.8537,0.0003,4506.85341,0.00024,0.0003,16000,,,,
Cs,2,4508.418,0.002,4508.4179,0.0005,0.0001,140,,,,
Cs,2,4515.492,0.004,4515.4915,0.0014,0.001,330,,,,
Cs,3,4522.859,0.002,4522.8578,0.0012,0.0012,350000,1.08e+07,,,
Cs,2,4523.0054,0.0014,4523.0034,0.0012,0.0020,380,,,,
Cs,2,4526.7416,0.0003,4526.7416,0.0003, 0.0000,2000000,,,,
Cs,2,4529.7404,0.0011,4529.74026,0.00025,0.0001,260,,,,
Cs,2,4538.9656,0.0003,4538.96566,0.00025,-0.0001,410000,,,,
Cs,1,4555.2799,0.0005,4555.280,0.005,0.000,,1.836e+06,AA,,
Cs,3,4572.6081,0.0013,4572.6091,0.0010,-0.0010,66000,2.51e+06,,,
Cs,2,4575.264,0.006,4575.2663,0.0019,-0.002,8,,,,
Cs,2,4577.410,0.004,4577.403,0.003,0.007,12,,,,
Cs,2,4584.1838,0.0014,4584.1839,0.0004,-0.0001,360,,,,
Cs,2,4585.964,0.002,4585.9645,0.0013,-0.0005,88,,,,
Cs,2,4591.265,0.005,4591.2609,0.0005,0.004,36,,,,
Cs,1,4593.1721,0.0005,4593.172,0.004, 0.000,,7.94e+05,A+,,
Cs,2,4593.600,0.003,4593.5953,0.0009,0.005,3700,,,,
Cs,2,4593.65,0.21,4593.6500,0.0015, 0.00,320bl,,,,
Cs,2,4603.7903,0.0007,4603.7908,0.0004,-0.0005,10000000,,,,
Cs,2,4610.5134,0.0003,4610.5133,0.0003,0.0001,8700,,,,
Cs,3,4612.179,0.003,4612.1786,0.0015,0.000,5400,2.18e+07,,,
Cs,2,4616.1691,0.0004,4616.1693,0.0003,-0.0002,420000,,,,
Cs,3,4620.609,0.005,4620.611,0.003,-0.002,250000,2.36e+07,,,
Cs,2,4623.0943,0.0003,4623.0942,0.0003,0.0001,35000,,,,
Cs,2,4625.403,0.004,4625.4331,0.0009,-0.030,70,,,,
Cs,2,4625.502,0.005,4625.4885,0.0015,0.014,67,,,,
Cs,2,4629.660,0.012,4629.6638,0.0005,-0.004,30,,,,
Cs,2,4646.5183,0.0004,4646.5183,0.0003,0.0000,280000,,,,
Cs,2,4656.5444,0.0005,4656.5446,0.0003,-0.0002,26000,,,,
Cs,2,4657.047,0.003,4657.0452,0.0004,0.002,1200,,,,
Cs,2,4660.322,0.004,4660.3313,0.0005,-0.009,21,,,,
Cs,3,4665.518,0.004,4665.5171,0.0011,0.001,130000,6.20e+05,,,
Cs,2,4665.8968,0.0014,4665.8962,0.0003,0.0006,980,,,,
Cs,2,4666.8456,0.0005,4666.8439,0.0004,0.0017,5700,,,,
Cs,2,4669.822,0.003,4669.8212,0.0022,0.001,57,,,,
Cs,2,4670.2860,0.0004,4670.2859,0.0003,0.0001,99000,,,,
Cs,2,4685.9498,0.0012,4685.9481,0.0009,0.0017,82,,,,
Cs,2,4692.474,0.003,4692.4738,0.0003,0.000,230,,,,
Cs,2,4695.6078,0.0004,4695.6076,0.0003,0.0002,5500,,,,
Cs,2,4699.080,0.002,4699.0824,0.0004,-0.0024,82,,,,
Cs,2,4699.964,0.004,4699.96344,0.00025,0.001,210,,,,
Cs,2,4701.768,0.003,4701.7686,0.0003,-0.001,920,,,,
Cs,2,4702.395,0.003,4702.3928,0.0005,0.002,50,,,,
Cs,2,4702.9283,0.0015,4702.9278,0.0003,0.0005,130i,,,,
Cs,2,4703.06,0.22,4703.0511,0.0003,0.01,120bl,,,,
Cs,2,4704.7428,0.0016,4704.7444,0.0004,-0.0016,49,,,,
Cs,2,4713.110,0.002,4713.1062,0.0004,0.0038,340,,,,
Cs,3,4716.118,0.002,4716.116,0.003,0.002,26000,3.06e+07,,,
Cs,2,4723.0629,0.0006,4723.0613,0.0004,0.0016,4100,,,,
Cs,2,4729.6924,0.0017,4729.6909,0.0004,0.0015,84,,,,
Cs,2,4730.98,0.22,4730.9850,0.0003, 0.00,84bl,,,,
Cs,2,4732.9856,0.0003,4732.9855,0.0003,0.0001,150000,,,,
Cs,2,4734.479,0.005,4734.4800,0.0003,-0.001,160,,,,
Cs,2,4739.653,0.004,4739.6533,0.0003, 0.000,2100,,,,
Cs,2,4741.233,0.002,4741.233,0.003, 0.000,49,,,,
Cs,2,4745.4829,0.0014,4745.4830,0.0003,-0.0001,370,,,,
Cs,2,4749.137,0.003,4749.1362,0.0003,0.001,370,,,,
Cs,2,4757.631,0.003,4757.6287,0.0005,0.002,2400,,,,
Cs,2,4763.6360,0.0005,4763.6362,0.0003,-0.0002,700000,,,,
Cs,2,4764.06,0.23,4764.0660,0.0004,-0.01,170bl,,,,
Cs,2,4767.6496,0.0020,4767.6563,0.0009,-0.0067,250,,,,
Cs,2,4775.9892,0.0011,4775.9887,0.0006,0.0005,320,,,,
Cs,2,4776.448,0.002,4776.4611,0.0016,-0.013,140,,,,
Cs,2,4786.3781,0.0004,4786.3782,0.0003,-0.0001,190000,,,,
Cs,2,4791.652,0.004,4791.6552,0.0003,-0.003,69,,,,
Cs,3,4792.908,0.005,4792.9136,0.0020,-0.006,4800h,1.28e+06,,,
Cs,2,4793.508,0.005,4793.5068,0.0004,0.001,65,,,,
Cs,2,4793.870,0.005,4793.871,0.003,-0.001,43,,,,
Cs,2,4794.770,0.003,4794.7648,0.0003,0.005,25,,,,
Cs,3,4795.687,0.005,4795.6839,0.0018,0.003,3800,3.68e+06,,,
Cs,2,4800.8508,0.0011,4800.8526,0.0004,-0.0018,89,,,,
Cs,2,4804.5369,0.0010,4804.5374,0.0003,-0.0005,1400,,,,
Cs,2,4813.1064,0.0013,4813.1076,0.0004,-0.0012,330,,,,
Cs,2,4813.739,0.002,4813.7366,0.0004,0.0024,49,,,,
Cs,2,4815.155,0.003,4815.1569,0.0003,-0.002,84,,,,
Cs,2,4820.6228,0.0015,4820.6239,0.0004,-0.0011,39,,,,
Cs,2,4828.1861,0.0012,4828.1863,0.0004,-0.0002,1000,,,,
Cs,2,4830.1865,0.0005,4830.1864,0.0004,0.0001,2500000,,,,
Cs,2,4848.712,0.003,4848.7105,0.0004,0.001,52,,,,
Cs,3,4851.586,0.005,4851.5895,0.0018,-0.003,85000h,1.95e+07,,,
Cs,3,4864.125,0.016,4864.131,0.003,-0.006,45000c,5.55e+06,,,
Cs,2,4870.0396,0.0005,4870.0392,0.0003,0.0004,1900000,,,,
Cs,2,4876.787,0.002,4876.7846,0.0014,0.0024,88,,,,
Cs,2,4880.0507,0.0012,4880.0516,0.0003,-0.0009,490000,,,,
Cs,2,4882.863,0.003,4882.8670,0.0006,-0.004,75,,,,
Cs,2,4884.9449,0.0017,4884.9443,0.0004,0.0006,330,,,,
Cs,2,4887.8148,0.0017,4887.8164,0.0003,-0.0016,240,,,,
Cs,2,4890.7128,0.0005,4890.7121,0.0003,0.0007,3200,,,,
Cs,2,4892.686,0.003,4892.6869,0.0003,-0.001,260,,,,
Cs,2,4894.3771,0.0013,4894.3796,0.0004,-0.0025,270,,,,
Cs,2,4895.1382,0.0006,4895.1368,0.0003,0.0014,6500,,,,
Cs,2,4895.856,0.004,4895.8557,0.0003,0.000,84,,,,
Cs,2,4898.5587,0.0015,4898.5597,0.0003,-0.0010,2300,,,,
Cs,2,4907.1183,0.0019,4907.1174,0.0004,0.0009,14,,,,
Cs,2,4909.617,0.003,4909.6127,0.0004,0.004,11,,,,
Cs,2,4914.2382,0.0018,4914.2328,0.0004,0.0054,2800,,,,
Cs,2,4917.7575,0.0011,4917.7535,0.0004,0.0040,280,,,,
Cs,2,4922.7909,0.0011,4922.7919,0.0004,-0.0010,180,,,,
Cs,2,4924.114,0.004,4924.1187,0.0003,-0.005,22,,,,
Cs,2,4925.7001,0.0013,4925.6986,0.0003,0.0015,1700,,,,
Cs,2,4929.0584,0.0005,4929.0612,0.0005,-0.0028,2600,,,,
Cs,2,4930.8112,0.0019,4930.8096,0.0003,0.0016,730,,,,
Cs,2,4938.201,0.002,4938.2026,0.0004,-0.0016,110,,,,
Cs,2,4942.9435,0.0005,4942.9412,0.0004,0.0023,3400,,,,
Cs,2,4946.651,0.002,4946.6433,0.0006,0.0077,390,,,,
Cs,2,4952.8526,0.0005,4952.8523,0.0004,0.0003,3700000,,,,
Cs,2,4954.5774,0.0005,4954.5788,0.0003,-0.0014,11000,,,,
Cs,2,4961.2740,0.0014,4961.2730,0.0003,0.0010,370,,,,
Cs,2,4965.409,0.002,4965.4097,0.0003,-0.0007,190,,,,
Cs,2,4965.616,0.002,4965.6179,0.0003,-0.0019,120,,,,
Cs,2,4972.5965,0.0004,4972.5963,0.0003,0.0002,820000,,,,
Cs,2,4973.977,0.004,4973.9786,0.0004,-0.002,200,,,,
Cs,2,4980.569,0.002,4980.5712,0.0004,-0.0022,660,,,,
Cs,2,4981.6242,0.0004,4981.6234,0.0004,0.0008,26000,,,,
Cs,2,4984.719,0.002,4984.7199,0.0004,-0.0009,160,,,,
Cs,2,4989.777,0.004,4989.7848,0.0006,-0.008,82,,,,
Cs,2,4991.1314,0.0020,4991.1292,0.0004,0.0022,1600,,,,
Cs,2,4998.0855,0.0014,4998.0862,0.0003,-0.0007,110,,,,
Cs,2,5001.5799,0.0004,5001.5787,0.0003,0.0012,20000,,,,
Cs,2,5002.2936,0.0012,5002.2877,0.0010,0.0059,490,,,,
Cs,2,5013.0092,0.0009,5013.0094,0.0004,-0.0002,16000,,,,
Cs,2,5029.525,0.002,5029.5274,0.0004,-0.0024,1000,,,,
Cs,3,5035.73,0.05,5035.7244,0.0014,0.01,80000p,2.26e+06,,,
Cs,2,5035.817,0.003,5035.8149,0.0004,0.002,280,,,,
Cs,2,5041.9578,0.0004,5041.9577,0.0003,0.0001,21000,,,,
Cs,2,5043.8028,0.0004,5043.8026,0.0004,0.0002,2700000,,,,
Cs,2,5048.2220,0.0017,5048.2219,0.0003,0.0001,3900,,,,
Cs,2,5052.6900,0.0004,5052.6901,0.0003,-0.0001,92000,,,,
Cs,2,5059.8686,0.0007,5059.8690,0.0003,-0.0004,280000,,,,
Cs,2,5060.9363,0.0018,5060.9367,0.0003,-0.0004,210,,,,
Cs,3,5066.928,0.005,5066.932,0.009,-0.004,3800,6.25e+04,,,
Cs,2,5070.6777,0.0004,5070.6779,0.0003,-0.0002,6000,,,,
Cs,2,5074.4444,0.0015,5074.4432,0.0004,0.0012,1000,,,,
Cs,2,5080.1165,0.0004,5080.1171,0.0004,-0.0006,17000,,,,
Cs,2,5081.7700,0.0004,5081.7699,0.0003,0.0001,47000,,,,
Cs,2,5082.074,0.003,5082.0779,0.0004,-0.004,240,,,,
Cs,2,5083.255,0.003,5083.2601,0.0003,-0.005,680,,,,
Cs,2,5096.5974,0.0004,5096.5972,0.0003,0.0002,290000,,,,
Cs,2,5109.3258,0.0018,5109.3269,0.0004,-0.0011,130,,,,
Cs,2,5125.968,0.003,5125.9694,0.0003,-0.001,21,,,,
Cs,2,5139.397,0.002,5139.3961,0.0003,0.0009,310,,,,
Cs,2,5142.2340,0.0018,5142.2348,0.0004,-0.0008,61,,,,
Cs,1,5152.6813,0.0005,5152.68344,0.00014,-0.0021,,,,,
Cs,2,5159.441,0.002,5159.4499,0.0004,-0.0089,20,,,,
Cs,2,5159.5371,0.0016,5159.5434,0.0005,-0.0063,120,,,,
Cs,3,5169.407,0.004,5169.4057,0.0016,0.001,50000,9.26e+05,,,
Cs,2,5173.689,0.003,5173.6890,0.0003,0.000,220,,,,
Cs,2,5181.879,0.003,5181.8789,0.0004,0.000,260,,,,
Cs,2,5182.3197,0.0018,5182.3227,0.0004,-0.0030,2900,,,,
Cs,1,5196.7343,0.0005,5196.73753,0.00014,-0.0032,,,,,
Cs,2,5200.8146,0.0005,5200.8143,0.0003,0.0003,4400,,,,
Cs,2,5205.876,0.002,5205.8744,0.0003,0.0016,150,,,,
Cs,2,5207.322,0.004,5207.3251,0.0004,-0.003,340,,,,
Cs,2,5209.5813,0.0004,5209.5813,0.0004,0.0000,650000,,,,
Cs,2,5219.867,0.005,5219.8655,0.0004,0.001,600,,,,
Cs,2,5221.505,0.003,5221.5030,0.0004,0.002,1000,,,,
Cs,2,5227.0362,0.0018,5227.0372,0.0005,-0.0010,7500000,,,,
Cs,2,5249.3850,0.0004,5249.3849,0.0004,0.0001,2900000,,,,
Cs,1,5256.5633,0.0005,5256.56738,0.00014,-0.0041,,,,,
Cs,2,5256.5942,0.0012,5256.5958,0.0004,-0.0016,4900,,,,
Cs,2,5258.217,0.003,5258.2229,0.0003,-0.006,640,,,,
Cs,2,5263.1804,0.0004,5263.1801,0.0005,0.0003,9400,,,,
Cs,3,5267.388,0.008,5267.386,0.003,0.002,25000,7.65e+06,,,
Cs,2,5274.0540,0.0004,5274.0539,0.0005,0.0001,1100000,,,,
Cs,2,5275.402,0.004,5275.40176,0.00022,0.000,330,,,,
Cs,2,5284.858,0.002,5284.8614,0.0004,-0.0034,120,,,,
Cs,1,5301.40,0.02,5301.44916,0.00006,-0.049,,,,,
Cs,1,5303.7766,0.0005,5303.78353,0.00006,-0.0069,,,,,
Cs,2,5306.5954,0.0004,5306.5953,0.0003,0.0001,130000,,,,
Cs,2,5314.163,0.007,5314.1645,0.0004,-0.002,130,,,,
Cs,2,5315.2576,0.0005,5315.2583,0.0004,-0.0007,6300,,,,
Cs,2,5319.750,0.005,5319.7452,0.0003,0.005,40,,,,
Cs,2,5339.760,0.003,5339.7642,0.0003,-0.004,880,,,,
Cs,1,5340.9418,0.0005,5340.94508,0.00015,-0.0033,,,,,
Cs,2,5349.1315,0.0005,5349.1319,0.0004,-0.0004,1000000,,,,
Cs,1,5350.3512,0.0005,5350.35446,0.00006,-0.0033,,,,,
Cs,2,5358.4325,0.0004,5358.4326,0.0004,-0.0001,17000,,,,
Cs,2,5369.225,0.004,5369.2266,0.0003,-0.002,640,,,,
Cs,2,5370.9877,0.0004,5370.9876,0.0005,0.0001,2200000,,,,
Cs,3,5380.792,0.004,5380.7913,0.0016,0.001,60000,2.70e+06,,,
Cs,2,5387.1793,0.0006,5387.1792,0.0003,0.0001,2000,,,,
Cs,2,5402.7847,0.0004,5402.7846,0.0004,0.0001,120000,,,,
Cs,1,5406.6672,0.0005,5406.66919,0.00006,-0.0020,,,,,
Cs,2,5407.1899,0.0004,5407.1900,0.0004,-0.0001,10000,,,,
Cs,2,5407.4374,0.0018,5407.4355,0.0005,0.0019,2000,,,,
Cs,1,5413.6145,0.0005,5413.62102,0.00006,-0.0065,,,,,
Cs,1,5414.28,0.02,5414.29592,0.00015,-0.016,,,,,
Cs,2,5419.6727,0.0004,5419.6727,0.0004,0.0000,290000,,,,
Cs,2,5420.461,0.004,5420.4626,0.0003,-0.002,760,,,,
Cs,2,5431.019,0.003,5431.0198,0.0004,-0.001,180,,,,
Cs,1,5461.9231,0.0005,5461.92371,0.00007,-0.0006,,,,,
Cs,2,5463.8,0.3,5463.8458,0.0003, 0.0,75bl,,,,
Cs,3,5463.999,0.003,5464.0015,0.0017,-0.003,27000,1.48e+06,,,
Cs,1,5465.9443,0.0005,5465.94378,0.00015,0.0005,bl,,,,
Cs,2,5485.4738,0.0018,5485.4729,0.0006,0.0009,1800,,,,
Cs,2,5487.694,0.005,5487.6937,0.0004,0.000,140,,,,
Cs,2,5492.691,0.005,5492.6914,0.0005, 0.000,54,,,,
Cs,2,5501.022,0.010,5501.0308,0.0004,-0.009,29,,,,
Cs,1,5502.8843,0.0005,5502.88485,0.00007,-0.0006,,,,,
Cs,1,5503.8524,0.0005,5503.85631,0.00015,-0.0039,,,,,
Cs,2,5507.1315,0.0004,5507.1314,0.0007,0.0001,30000,,,,
Cs,3,5528.635,0.009,5528.635,0.003, 0.000,40000,2.59e+06,,,
Cs,2,5551.217,0.003,5551.2134,0.0005,0.004,190,,,,
Cs,2,5563.0244,0.0005,5563.0240,0.0005,0.0004,3900000,,,,
Cs,1,5568.4078,0.0005,5568.41012,0.00007,-0.0023,,,,,
Cs,1,5573.6740,0.0005,5573.67718,0.00007,-0.0032,,,,,
Cs,3,5577.826,0.006,5577.8270,0.0020,-0.001,29000c,2.17e+06,,,
Cs,2,5579.0285,0.0004,5579.0286,0.0004,-0.0001,28000,,,,
Cs,2,5583.902,0.007,5583.9021,0.0022, 0.000,25,,,,
Cs,2,5585.5670,0.0004,5585.5667,0.0006,0.0003,26000,,,,
Cs,2,5589.882,0.007,5589.8877,0.0004,-0.006,17,,,,
Cs,3,5592.831,0.005,5592.8296,0.0024,0.001,46000,6.28e+06,,,
Cs,2,5609.373,0.004,5609.3793,0.0004,-0.006,770,,,,
Cs,2,5617.414,0.003,5617.4169,0.0005,-0.003,360,,,,
Cs,2,5628.1528,0.0016,5628.1520,0.0004,0.0008,340,,,,
Cs,2,5628.3536,0.0011,5628.3533,0.0006,0.0003,18000,,,,
Cs,1,5635.2123,0.0005,5635.21336,0.00007,-0.0011,,,,,
Cs,1,5636.67,0.02,5636.69149,0.00016,-0.021,,,,,
Cs,2,5649.9965,0.0014,5649.9967,0.0005,-0.0002,1700,,,,
Cs,2,5650.262,0.007,5650.2647,0.0006,-0.003,65,,,,
Cs,2,5650.671,0.006,5650.6664,0.0004,0.005,120,,,,
Cs,2,5655.260,0.005,5655.2622,0.0004,-0.002,79,,,,
Cs,2,5659.415,0.007,5659.4136,0.0004,0.001,82,,,,
Cs,1,5664.0183,0.0005,5664.01769,0.00016,0.0006,bl,,,,
Cs,2,5666.980,0.003,5666.9830,0.0006,-0.003,290,,,,
Cs,3,5669.340,0.006,5669.345,0.006,-0.005,22000h,8.80e+06,,,
Cs,2,5688.664,0.004,5688.6655,0.0004,-0.002,2800,,,,
Cs,2,5693.777,0.006,5693.782,0.004,-0.005,29,,,,
Cs,2,5700.767,0.004,5700.7673,0.0005, 0.000,890,,,,
Cs,3,5707.232,0.008,5707.236,0.004,-0.004,7600,8.25e+06,,,
Cs,2,5725.506,0.003,5725.5067,0.0004,-0.001,530,,,,
Cs,3,5740.253,0.007,5740.2566,0.0021,-0.004,3800,2.50e+05,,,
Cs,2,5744.753,0.003,5744.7538,0.0020,-0.001,1100,,,,
Cs,1,5745.7244,0.0005,5745.72334,0.00007,0.0011,,,,,
Cs,2,5755.280,0.004,5755.2792,0.0004,0.001,500,,,,
Cs,2,5757.099,0.003,5757.1040,0.0004,-0.005,15,,,,
Cs,2,5766.744,0.007,5766.745,0.010,-0.001,24,,,,
Cs,2,5772.995,0.003,5772.9966,0.0004,-0.002,240,,,,
Cs,2,5783.222,0.009,5783.2112,0.0004,0.011,19,,,,
Cs,2,5793.653,0.005,5793.6565,0.0005,-0.003,55,,,,
Cs,3,5806.886,0.010,5806.876,0.009,0.010,50000D,1.75e+07,,,
Cs,2,5807.9538,0.0008,5807.9504,0.0005,0.0034,2000,,,,
Cs,2,5812.7507,0.0008,5812.7496,0.0005,0.0011,4100,,,,
Cs,2,5814.1640,0.0007,5814.1641,0.0005,-0.0001,450000,,,,
Cs,2,5831.1406,0.0007,5831.1404,0.0005,0.0002,2400000,,,,
Cs,2,5836.4,0.3,5836.3945,0.0005,0.0,270bl,,,,
Cs,1,5838.8347,0.0005,5838.83404,0.00017,0.0007,bl,,,,
Cs,1,5845.1410,0.0005,5845.14139,0.00007,-0.0004,,,,,
Cs,2,5845.8445,0.0006,5845.8445,0.0009, 0.0000,16000,,,,
Cs,3,5851.096,0.007,5851.090,0.005,0.006,14000,4.58e+07,,,
Cs,2,5853.7895,0.0014,5853.7884,0.0004,0.0011,1400,,,,
Cs,2,5854.9482,0.0008,5854.9487,0.0004,-0.0005,3900,,,,
Cs,3,5861.755,0.010,5861.762,0.004,-0.007,24000c,1.21e+06,,,
Cs,2,5863.6904,0.0006,5863.6903,0.0006,0.0001,41000,,,,
Cs,2,5867.186,0.007,5867.186,0.010,0.000,20,,,,
Cs,2,5869.0550,0.0019,5869.0554,0.0004,-0.0004,570,,,,
Cs,2,5871.796,0.008,5871.7957,0.0005,0.000,38,,,,
Cs,2,5877.707,0.005,5877.7134,0.0006,-0.006,61,,,,
Cs,2,5881.938,0.003,5881.9414,0.0005,-0.003,150i,,,,
Cs,3,5882.431,0.007,5882.428,0.003,0.003,6700,2.07e+06,,,
Cs,2,5882.888,0.004,5882.8885,0.0004, 0.000,1400,,,,
Cs,2,5886.5083,0.0008,5886.5068,0.0006,0.0015,20000,,,,
Cs,2,5892.7572,0.0007,5892.7582,0.0005,-0.0010,1700,,,,
Cs,2,5894.821,0.003,5894.8202,0.0006,0.001,2400,,,,
Cs,2,5897.758,0.003,5897.7579,0.0004,0.000,2700,,,,
Cs,2,5911.334,0.003,5911.3374,0.0007,-0.003,430,,,,
Cs,2,5925.6311,0.0005,5925.6312,0.0008,-0.0001,5100000,,,,
Cs,2,5934.252,0.003,5934.2435,0.0005,0.009,740,,,,
Cs,2,5935.2833,0.0007,5935.2845,0.0004,-0.0012,11000,,,,
Cs,3,5939.492,0.007,5939.493,0.005,-0.001,11000,8.66e+06,,,
Cs,3,5940.143,0.002,5940.138,0.009,0.005,50000,2.10e+07,,,
Cs,3,5942.981,0.011,5942.978,0.006,0.003,17000,4.40e+07,,,
Cs,3,5946.965,0.002,5946.964,0.004,0.001,58000,1.80e+08,,,
Cs,3,5948.254,0.004,5948.254,0.003, 0.000,15000,3.69e+07,,,
Cs,3,5950.137,0.002,5950.138,0.004,-0.001,84000,2.03e+08,,,
Cs,2,5958.0505,0.0005,5958.0502,0.0004,0.0003,8700,,,,
Cs,3,5962.772,0.007,5962.779,0.008,-0.007,7600,2.51e+04,,,
Cs,3,5973.731,0.003,5973.731,0.003,0.000,26000,3.13e+07,,,
Cs,2,5977.1437,0.0005,5977.1440,0.0004,-0.0003,17000,,,,
Cs,2,5982.5375,0.0007,5982.5363,0.0005,0.0012,3500,,,,
Cs,2,5982.831,0.005,5982.8368,0.0006,-0.006,720,,,,
Cs,2,5983.318,0.005,5983.3165,0.0004,0.001,450,,,,
Cs,2,5984.3867,0.0004,5984.3867,0.0006, 0.0000,140000,,,,
Cs,2,5999.5120,0.0005,5999.5122,0.0006,-0.0002,3400,,,,
Cs,3,6003.719,0.011,6003.709,0.013,0.010,9500,9.90e+07,,,
Cs,2,6009.4409,0.0013,6009.4403,0.0005,0.0006,3000,,,,
Cs,1,6010.4905,0.0005,6010.49010,0.00018,0.0004,bl,,,,
Cs,3,6015.073,0.009,6015.074,0.011,-0.001,38000,1.39e+08,,,
Cs,3,6022.211,0.007,6022.200,0.012,0.011,14000h,1.75e+06,,,
Cs,2,6028.1883,0.0005,6028.1898,0.0005,-0.0015,910,,,,
Cs,2,6032.422,0.005,6032.4211,0.0005,0.001,37,,,,
Cs,1,6034.0895,0.0005,6034.08916,0.00018,0.0003,,,,,
Cs,2,6039.542,0.005,6039.5358,0.0005,0.006,280,,,,
Cs,2,6039.846,0.006,6039.851,0.007,-0.005,160,,,,
Cs,3,6041.164,0.007,6041.178,0.010,-0.014,3800,5.88e+06,,,
Cs,3,6043.987,0.004,6043.9858,0.0021,0.001,60000,4.55e+05,,,
Cs,3,6064.596,0.007,6064.598,0.009,-0.002,40000,1.03e+07,,,
Cs,3,6066.597,0.011,6066.591,0.013,0.006,3800p,4.45e+04,,,
Cs,2,6068.3918,0.0007,6068.3922,0.0005,-0.0004,900,,,,
Cs,2,6076.7224,0.0005,6076.7224,0.0005, 0.0000,76000,,,,
Cs,2,6077.809,0.003,6077.8023,0.0005,0.007,640,,,,
Cs,2,6078.8932,0.0009,6078.8943,0.0004,-0.0011,1900,,,,
Cs,3,6079.854,0.003,6079.854,0.008, 0.000,300000,1.41e+08,,,
Cs,3,6095.764,0.007,6095.756,0.008,0.008,14000,3.55e+07,,,
Cs,2,6098.7502,0.0006,6098.7520,0.0005,-0.0018,18000,,,,
Cs,2,6099.943,0.009,6099.9445,0.0005,-0.001,56,,,,
Cs,2,6102.4093,0.0006,6102.4104,0.0005,-0.0011,900,,,,
Cs,3,6109.068,0.007,6109.076,0.008,-0.008,4800,1.01e+07,,,
Cs,2,6109.816,0.005,6109.8230,0.0015,-0.007,600,,,,
Cs,1,6116.52,0.02,6116.4877,0.0004,0.032,,,,,
Cs,2,6116.536,0.014,6116.496,0.007,0.040,220,,,,
Cs,3,6122.072,0.008,6122.070,0.006,0.002,48000,1.13e+08,,,
Cs,2,6122.424,0.004,6122.4224,0.0006,0.002,77,,,,
Cs,2,6128.6069,0.0005,6128.6072,0.0006,-0.0003,980000,,,,
Cs,2,6132.5,0.4,6132.5320,0.0005, 0.0,400bl,,,,
Cs,3,6136.237,0.008,6136.235,0.005,0.002,14000,1.68e+07,,,
Cs,2,6144.301,0.013,6144.334,0.005,-0.033,120,,,,
Cs,3,6146.616,0.019,6146.618,0.007,-0.002,1900h,8.30e+04,,,
Cs,3,6148.772,0.002,6148.774,0.005,-0.002,40000,7.58e+07,,,
Cs,3,6149.150,0.008,6149.161,0.003,-0.011,3800,3.18e+06,,,
Cs,1,6150.38,0.02,6150.3846,0.0004,-0.005,,,,,
Cs,3,6150.637,0.002,6150.637,0.004,0.000,250000,2.19e+08,,,
Cs,2,6151.1905,0.0005,6151.1882,0.0005,0.0023,6500,,,,
Cs,1,6153.2381,0.0005,6153.22982,0.00010,0.0083,,,,,
Cs,3,6158.366,0.003,6158.366,0.003, 0.000,83000,7.90e+07,,,
Cs,3,6163.051,0.007,6163.063,0.004,-0.012,47000,5.55e+07,,,
Cs,2,6163.887,0.003,6163.8847,0.0005,0.002,1400,,,,
Cs,2,6165.5035,0.0006,6165.5026,0.0005,0.0009,3300,,,,
Cs,2,6170.400,0.003,6170.3932,0.0005,0.007,42,,,,
Cs,2,6172.8803,0.0007,6172.8781,0.0005,0.0022,2100,,,,
Cs,2,6179.857,0.005,6179.8577,0.0006,-0.001,670,,,,
Cs,1,6187.5442,0.0005,6187.53739,0.00011,0.0068,,,,,
Cs,2,6190.895,0.002,6190.8873,0.0005,0.0077,640,,,,
Cs,2,6191.985,0.004,6191.9872,0.0005,-0.002,370,,,,
Cs,1,6193.6689,0.0005,6193.6649,0.0004,0.0040,,,,,
Cs,3,6199.831,0.008,6199.832,0.014,-0.001,9500,7.15e+06,,,
Cs,3,6201.849,0.008,6201.849,0.012, 0.000,38000h,1.95e+08,,,
Cs,1,6213.0998,0.0005,6213.10009,0.00020,-0.0003,,,,,
Cs,2,6214.4722,0.0005,6214.4711,0.0005,0.0011,9900,,,,
Cs,1,6217.5986,0.0005,6217.59804,0.00020,0.0006,,,,,
Cs,3,6223.188,0.008,6223.189,0.003,-0.001,24000,2.11e+07,,,
Cs,2,6223.431,0.003,6223.4352,0.0005,-0.004,290,,,,
Cs,3,6226.692,0.012,6226.6986,0.0025,-0.007,1900,1.23e+05,,,
Cs,2,6227.740,0.004,6227.7440,0.0004,-0.004,230,,,,
Cs,3,6230.538,0.008,6230.554,0.016,-0.016,2900,1.45e+06,,,
Cs,1,6231.3490,0.0005,6231.34537,0.00011,0.0036,,,,,
Cs,3,6241.947,0.008,6241.936,0.005,0.011,14000,1.59e+07,,,
Cs,3,6242.957,0.002,6242.959,0.003,-0.002,270000,2.03e+08,,,
Cs,2,6244.311,0.003,6244.3158,0.0005,-0.005,120,,,,
Cs,1,6250.2149,0.0005,6250.2126,0.0004,0.0023,D,,,,
Cs,3,6256.656,0.003,6256.662,0.004,-0.006,50000,9.30e+07,,,
Cs,2,6273.5076,0.0006,6273.5066,0.0005,0.0010,2800,,,,
Cs,2,6287.6120,0.0011,6287.6058,0.0005,0.0062,5300,,,,
Cs,1,6288.5927,0.0005,6288.58827,0.00011,0.0044,D,,,,
Cs,2,6298.068,0.005,6298.085,0.004,-0.017,33,,,,
Cs,2,6298.976,0.012,6299.002,0.004,-0.026,14,,,,
Cs,3,6301.796,0.008,6301.786,0.011,0.010,2900,1.13e+05,,,
Cs,3,6307.271,0.008,6307.272,0.006,-0.001,6700,1.11e+07,,,
Cs,2,6308.0144,0.0015,6308.0148,0.0005,-0.0004,1300,,,,
Cs,3,6312.657,0.020,6312.655,0.006,0.002,2900h,5.63e+05,,,
Cs,3,6317.152,0.008,6317.152,0.003, 0.000,9500,7.15e+06,,,
Cs,2,6320.777,0.005,6320.7778,0.0005,-0.001,63,,,,
Cs,2,6321.505,0.006,6321.4917,0.0008,0.013,77,,,,
Cs,1,6326.2034,0.0005,6326.1997,0.0004,0.0037,D,,,,
Cs,2,6330.201,0.007,6330.201,0.010, 0.000,75,,,,
Cs,2,6333.618,0.007,6333.619,0.008,-0.001,510,,,,
Cs,2,6335.041,0.004,6335.040,0.006,0.001,210,,,,
Cs,3,6335.878,0.002,6335.880,0.003,-0.002,120000,1.15e+08,,,
Cs,2,6342.724,0.003,6342.7241,0.0005, 0.000,1200,,,,
Cs,2,6343.7639,0.0007,6343.7646,0.0005,-0.0007,2400,,,,
Cs,1,6354.5548,0.0005,6354.55455,0.00020,0.0002,bl,,,,
Cs,2,6357.8558,0.0008,6357.8567,0.0005,-0.0009,1300,,,,
Cs,1,6365.5226,0.0005,6365.51989,0.00011,0.0027,D,,,,
Cs,2,6367.088,0.006,6367.0745,0.0021,0.014,290,,,,
Cs,3,6372.618,0.008,6372.623,0.010,-0.005,38000,9.94e+07,,,
Cs,3,6384.045,0.010,6384.043,0.005,0.002,4800,1.65e+06,,,
Cs,3,6388.397,0.008,6388.404,0.004,-0.007,14000h,2.06e+06,,,
Cs,2,6399.671,0.004,6399.6701,0.0006,0.001,620,,,,
Cs,2,6408.451,0.005,6408.4583,0.0013,-0.007,340,,,,
Cs,2,6409.441,0.005,6409.443,0.007,-0.002,48,,,,
Cs,2,6414.1823,0.0008,6414.1816,0.0006,0.0007,850,,,,
Cs,2,6419.5247,0.0006,6419.5251,0.0007,-0.0004,200000,,,,
Cs,1,6431.9662,0.0005,6431.9630,0.0004,0.0032,,,,,
Cs,2,6438.172,0.003,6438.174,0.003,-0.002,290,,,,
Cs,2,6440.094,0.006,6440.101,0.005,-0.007,53,,,,
Cs,2,6440.853,0.003,6440.8581,0.0005,-0.005,1140,,,,
Cs,2,6442.650,0.008,6442.6525,0.0006,-0.003,21,,,,
Cs,2,6443.876,0.003,6443.8795,0.0005,-0.004,280,,,,
Cs,3,6453.514,0.003,6453.522,0.009,-0.008,54000,2.27e+06,,,
Cs,3,6456.328,0.002,6456.318,0.007,0.010,310000,1.45e+08,,,
Cs,2,6470.4758,0.0006,6470.4746,0.0005,0.0012,6900,,,,
Cs,1,6472.6196,0.0005,6472.6172,0.0003,0.0024,,,,,
Cs,3,6473.314,0.017,6473.319,0.009,-0.005,19000p,4.95e+07,,,
Cs,2,6477.647,0.003,6477.6487,0.0005,-0.002,280,,,,
Cs,2,6485.252,0.003,6485.250,0.004,0.002,190,,,,
Cs,3,6489.065,0.008,6489.056,0.011,0.009,14000,5.25e+07,,,
Cs,2,6489.386,0.003,6489.3823,0.0005,0.004,810,,,,
Cs,2,6495.5326,0.0006,6495.5329,0.0007,-0.0003,830000,,,,
Cs,2,6497.988,0.002,6497.9896,0.0005,-0.0016,670,,,,
Cs,2,6516.028,0.003,6516.0307,0.0006,-0.003,240,,,,
Cs,3,6516.790,0.008,6516.782,0.010,0.008,3800,2.65e+07,,,
Cs,3,6518.981,0.009,6518.986,0.006,-0.005,14000,2.83e+07,,,
Cs,2,6520.168,0.006,6520.172,0.008,-0.004,95,,,,
Cs,2,6524.495,0.005,6524.4909,0.0005,0.004,66,,,,
Cs,2,6526.576,0.019,6526.5746,0.0005,0.001,89,,,,
Cs,2,6532.305,0.005,6532.288,0.005,0.017,240,,,,
Cs,2,6536.4448,0.0008,6536.4450,0.0006,-0.0002,1000000,,,,
Cs,3,6543.970,0.003,6543.970,0.003,0.000,67000,2.33e+07,,,
Cs,2,6548.078,0.003,6548.062,0.003,0.016,610,,,,
Cs,2,6552.361,0.006,6552.3694,0.0005,-0.008,49,,,,
Cs,2,6555.405,0.006,6555.401,0.004,0.004,80,,,,
Cs,3,6559.510,0.013,6559.519,0.008,-0.009,8600p,5.70e+05,,,
Cs,2,6561.0458,0.0007,6561.0447,0.0005,0.0011,1440,,,,
Cs,2,6563.308,0.004,6563.318,0.004,-0.010,230,,,,
Cs,2,6569.174,0.003,6569.1722,0.0006,0.002,190,,,,
Cs,2,6570.445,0.007,6570.4478,0.0005,-0.003,170,,,,
Cs,2,6574.069,0.009,6574.075,0.010,-0.006,44,,,,
Cs,2,6574.515,0.010,6574.513,0.005,0.002,53,,,,
Cs,2,6575.509,0.004,6575.5193,0.0006,-0.010,200,,,,
Cs,1,6586.0216,0.0005,6586.0192,0.0004,0.0024,,,,,
Cs,1,6586.5096,0.0005,6586.50973,0.00022,-0.0001,,,,,
Cs,3,6595.363,0.010,6595.361,0.005,0.002,70000,4.56e+07,,,
Cs,3,6595.819,0.009,6595.827,0.009,-0.008,14000,1.26e+07,,,
Cs,2,6598.802,0.007,6598.7980,0.0005,0.004,44,,,,
Cs,2,6599.530,0.003,6599.528,0.004,0.002,190,,,,
Cs,3,6600.776,0.009,6600.749,0.006,0.027,44000bl,h*,2.87e+07,,,
Cs,3,6600.776,0.009,6600.836,0.007,-0.060,44000bl,h*,6.57e+07,,,
Cs,2,6601.833,0.004,6601.8414,0.0005,-0.008,210,,,,
Cs,2,6606.939,0.003,6606.939,0.004,0.000,180,,,,
Cs,2,6620.8581,0.0005,6620.8581,0.0006, 0.0000,12000,,,,
Cs,3,6624.435,0.003,6624.435,0.006, 0.000,66000,1.10e+08,,,
Cs,2,6628.0075,0.0005,6628.0074,0.0007,0.0001,53000,,,,
Cs,1,6628.6576,0.0005,6628.6569,0.0003,0.0007,,,,,
Cs,2,6638.249,0.004,6638.2447,0.0005,0.004,200,,,,
Cs,3,6638.888,0.008,6638.882,0.003,0.006,17000,2.90e+06,,,
Cs,2,6646.5663,0.0005,6646.5663,0.0007, 0.0000,880000,,,,
Cs,3,6648.458,0.007,6648.456,0.011,0.002,36000,8.25e+06,,,
Cs,2,6652.356,0.014,6652.377,0.005,-0.021,140,,,,
Cs,3,6652.74,0.02,6652.746,0.015,-0.01,5700,1.67e+06,,,
Cs,3,6655.079,0.013,6655.071,0.005,0.008,19000h,5.72e+06,,,
Cs,2,6663.8645,0.0007,6663.8645,0.0007, 0.0000,11000,,,,
Cs,2,6664.853,0.006,6664.853,0.004, 0.000,120,,,,
Cs,3,6665.742,0.009,6665.750,0.016,-0.008,16000,3.40e+07,,,
Cs,2,6668.001,0.004,6668.026,0.003,-0.025,380,,,,
Cs,2,6669.7766,0.0009,6669.7760,0.0005,0.0006,1200,,,,
Cs,2,6682.562,0.004,6682.563,0.005,-0.001,94,,,,
Cs,3,6688.247,0.009,6688.234,0.016,0.013,17000bl*,8.20e+05,,,
Cs,3,6688.247,0.009,6688.250,0.008,-0.003,17000bl*,1.93e+07,,,
Cs,2,6690.631,0.007,6690.641,0.004,-0.010,38,,,,
Cs,2,6699.3713,0.0010,6699.3734,0.0005,-0.0021,960,,,,
Cs,3,6700.688,0.012,6700.686,0.003,0.002,17000,3.07e+05,,,
Cs,2,6705.920,0.004,6705.9186,0.0023,0.001,330,,,,
Cs,1,6707.6859,0.0021,6707.6815,0.0005,0.0044,25,,,,
Cs,3,6708.245,0.009,6708.230,0.006,0.015,57000,5.38e+07,,,
Cs,2,6708.7964,0.0006,6708.7948,0.0005,0.0016,2800,,,,
Cs,1,6723.2838,0.0009,6723.28979,0.00023,-0.0060,33000,,,,
Cs,2,6724.4656,0.0005,6724.4659,0.0007,-0.0003,960000,,,,
Cs,2,6728.781,0.004,6728.7805,0.0005,0.001,160,,,,
Cs,2,6735.0677,0.0006,6735.0675,0.0006,0.0002,1600,,,,
Cs,1,6743.969,0.003,6743.9643,0.0014,0.005,31,,,,
Cs,2,6746.111,0.006,6746.115,0.007,-0.004,32,,,,
Cs,2,6758.741,0.003,6758.7416,0.0006,-0.001,470,,,,
Cs,3,6761.343,0.009,6761.352,0.013,-0.009,3800,3.22e+04,,,
Cs,3,6761.626,0.009,6761.621,0.012,0.005,2900,7.27e+04,,,
Cs,2,6766.065,0.004,6766.0717,0.0006,-0.007,35,,,,
Cs,2,6769.908,0.005,6769.889,0.003,0.019,29,,,,
Cs,2,6779.286,0.008,6779.287,0.009,-0.001,710,,,,
Cs,2,6779.554,0.006,6779.555,0.005,-0.001,990,,,,
Cs,2,6787.576,0.006,6787.553,0.005,0.023,70,,,,
Cs,2,6799.586,0.007,6799.596,0.009,-0.010,28,,,,
Cs,2,6801.563,0.005,6801.5666,0.0006,-0.004,49,,,,
Cs,3,6806.02,0.02,6806.059,0.005,-0.039,950h,9.59e+05,,,
Cs,1,6824.6513,0.0005,6824.6493,0.0005,0.0020,,,,,
Cs,2,6831.349,0.003,6831.351,0.004,-0.002,260,,,,
Cs,3,6840.880,0.014,6840.879,0.006,0.001,1900h,2.12e+06,,,
Cs,2,6850.1776,0.0019,6850.1777,0.0006,-0.0001,8700,,,,
Cs,3,6857.867,0.009,6857.862,0.005,0.005,14000,1.30e+06,,,
Cs,2,6863.7174,0.0006,6863.7169,0.0006,0.0005,4700,,,,
Cs,1,6870.4544,0.0005,6870.45316,0.00017,0.0012,,,,,
Cs,2,6871.169,0.005,6871.1675,0.0006,0.002,15,,,,
Cs,3,6890.00,0.02,6889.997,0.007,0.003,2900,5.68e+06,,,
Cs,41,,,6891,,,,5.27e+01,,,
Cs,2,6892.4173,0.0007,6892.4171,0.0006,0.0002,18000,,,,
Cs,2,6925.422,0.005,6925.4119,0.0015,0.010,1400,,,,
Cs,2,6946.6266,0.0009,6946.6286,0.0006,-0.0020,2700,,,,
Cs,2,6955.4998,0.0006,6955.4998,0.0008,0.0000,3700000,,,,
Cs,1,6973.2966,0.0005,6973.29642,0.00025,0.0002,,,,,
Cs,2,6979.6680,0.0006,6979.6684,0.0007,-0.0004,1600000,,,,
Cs,1,6983.4912,0.0005,6983.49607,0.00025,-0.0049,,,,,
Cs,2,6993.3350,0.0008,6993.3339,0.0010,0.0011,4400,,,,
Cs,2,7016.7131,0.0005,7016.7132,0.0007,-0.0001,11000,,,,
Cs,1,7026.6801,0.0011,7026.6766,0.0006,0.0035,100,,,,
Cs,1,7061.7815,0.0013,7061.7788,0.0006,0.0027,130,,,,
Cs,2,7085.6660,0.0008,7085.6663,0.0008,-0.0003,39000,,,,
Cs,2,7110.375,0.011,7110.383,0.004,-0.008,2700,,,,
Cs,2,7121.1697,0.0005,7121.1697,0.0007,0.0000,85000,,,,
Cs,2,7123.8696,0.0010,7123.8692,0.0007,0.0004,1200,,,,
Cs,2,7130.5399,0.0005,7130.5405,0.0008,-0.0006,230000,,,,
Cs,2,7135.873,0.003,7135.871,0.003,0.002,5700,,,,
Cs,2,7139.5249,0.0009,7139.5236,0.0006,0.0013,610,,,,
Cs,2,7149.5414,0.0005,7149.5415,0.0010,-0.0001,1300000,,,,
Cs,2,7160.8965,0.0005,7160.8965,0.0007,0.0000,160000,,,,
Cs,2,7188.3698,0.0005,7188.3692,0.0007,0.0006,63000,,,,