element,sp_num,obs_wl_air(A),unc_obs_wl,ritz_wl_air(A),unc_ritz_wl,obs-ritz,intens,Aki(s^-1),Acc,Type,
Ar,2,3000.109,0.003,3000.10929,0.00006, 0.000,3,,,,
Ar,2,3000.4451,0.0005,3000.44527,0.00018,-0.0002,17,1.5e+08,D,,
Ar,2,3002.964,0.003,3002.96447,0.00014, 0.000,4,,,,
Ar,2,3004.486,0.006,3004.48994,0.00015,-0.004,2,,,,
Ar,2,3014.4819,0.0010,3014.48204,0.00006,-0.0001,7,,,,
Ar,2,3026.7455,0.0002,3026.74550,0.00013,0.00000,35,,,,
Ar,2,3028.721,0.006,3028.72055,0.00018,0.000,3,,,,
Ar,2,3028.9140,0.0002,3028.91004,0.00007,0.00396,47*,,,,
Ar,2,3028.9140,0.0002,3028.91399,0.00018,0.0000,47*,2.3e+08,D,,
Ar,2,3033.5082,0.0001,3033.50811,0.00003,0.00009,78,9.9e+06,B,,
Ar,2,3036.887,0.012,3036.89238,0.00007,-0.005,2bl?,,,,
Ar,2,3042.463,0.006,3042.46739,0.00011,-0.004,1,,,,
Ar,2,3046.0787,0.0008,3046.07913,0.00005,-0.0004,6,,,,
Ar,2,3047.053,0.006,3047.05269,0.00004,0.000,0.5,,,,
Ar,2,3048.021,0.006,3048.02474,0.00006,-0.004,2,,,,
Ar,2,3048.784,0.006,3048.78841,0.00006,-0.004,2,,,,
Ar,2,3050.043,0.006,3050.04111,0.00010,0.002,1,,,,
Ar,2,3053.151,0.006,3053.15013,0.00010,0.001,5,,,,
Ar,2,3055.281,0.006,3055.27974,0.00010,0.001,0.5,,,,
Ar,2,3060.9059,0.0010,3060.90557,0.00009,0.0003,7,,,,
Ar,2,3062.643,0.006,3062.64300,0.00009,0.000,3,,,,
Ar,2,3065.120,0.012,3065.13328,0.00009,-0.013,3wbl,,,,
Ar,2,3065.400,0.006,3065.41182,0.00004,-0.012,0.5,,,,
Ar,2,3066.889,0.006,3066.88823,0.00003,0.001,6,,,,
Ar,2,3071.66,0.02,3071.66501,0.00003,-0.005,0.5,,,,
Ar,2,3082.9777,0.0007,3082.97760,0.00014,0.0001,10,,,,
Ar,2,3083.193,0.006,3083.19881,0.00008,-0.006,1,,,,
Ar,2,3085.0273,0.0003,3085.02675,0.00019,0.0006,19,,,,
Ar,2,3088.2151,0.0016,3088.2132,0.0011,0.0019,8,,,,
Ar,2,3088.910,0.006,3088.91368,0.00016,-0.004,3,,,,
Ar,2,3093.4018,0.0001,3093.40173,0.00006,0.00007,68,4.4e+08,D,,
Ar,2,3094.9654,0.0007,3094.96469,0.00019,0.0007,8,,,,
Ar,2,3099.925,0.003,3099.92564,0.00016,-0.001,4,,,,
Ar,2,3101.004,0.006,3101.00855,0.00004,-0.005,2,,,,
Ar,2,3102.5862,0.0013,3102.58606,0.00016,0.0001,5,,,,
Ar,2,3102.953,0.006,3102.953,0.006,0.000,1,,,,
Ar,2,3104.3601,0.0005,3104.35963,0.00019,0.0005,17,,,,
Ar,2,3108.801,0.006,3108.80493,0.00004,-0.004,2,,,,
Ar,2,3109.711,0.006,3109.71205,0.00015,-0.001,4,,,,
Ar,2,3109.98,0.02,3109.97801,0.00022,0.002,0.5,,,,
Ar,2,3114.378,0.006,3114.38155,0.00016,-0.004,3,,,,
Ar,2,3124.268,0.006,3124.27803,0.00007,-0.010,1,,,,
Ar,2,3136.4839,0.0011,3136.48425,0.00020,-0.0004,7,,,,
Ar,2,3137.629,0.006,3137.63261,0.00007,-0.004,3,,,,
Ar,2,3139.0174,0.0001,3139.01722,0.00004,0.00018,79,5.2e+07,C,,
Ar,2,3139.2636,0.0009,3139.26372,0.00016,-0.0001,8,,,,
Ar,2,3140.963,0.006,3140.97313,0.00020,-0.010,2,,,,
Ar,2,3143.891,0.006,3143.89502,0.00010,-0.004,3,,,,
Ar,2,3145.900,0.006,3145.90397,0.00009,-0.004,2,,,,
Ar,2,3146.422,0.006,3146.42615,0.00004,-0.004,4,3.e+05,D,,
Ar,2,3148.206,0.002,3148.20599,0.00004,0.0000,2,,,,
Ar,2,3150.510,0.006,3150.51619,0.00011,-0.006,4,,,,
Ar,2,3152.613,0.006,3152.61816,0.00015,-0.005,3,,,,
Ar,2,3153.7844,0.0004,3153.78461,0.00020,-0.0002,13,,,,
Ar,2,3153.947,0.006,3153.95951,0.00008,-0.013,0.5,,,,
Ar,2,3154.289,0.006,3154.29950,0.00017,-0.010,2,,,,
Ar,2,3158.208,0.006,3158.21330,0.00022,-0.005,0.5,,,,
Ar,2,3161.3729,0.0002,3161.37289,0.00020,0.0000,45,1.8e+08,D,,
Ar,2,3161.4570,0.0004,3161.45654,0.00005,0.0005,15,,,,
Ar,2,3163.535,0.006,3163.54059,0.00020,-0.006,2,,,,
Ar,2,3165.2910,0.0005,3165.29107,0.00005,-0.0001,11,,,,
Ar,2,3167.464,0.006,3167.47134,0.00006,-0.007,3,,,,
Ar,2,3169.6682,0.0001,3169.66803,0.00005,0.00017,78,4.9e+07,C,,
Ar,2,3171.403,0.006,3171.40735,0.00007,-0.004,3,,,,
Ar,2,3172.862,0.004,3172.86133,0.00007,0.001,3,,,,
Ar,2,3181.0374,0.0002,3181.03714,0.00005,0.00026,45,3.7e+07,C,,
Ar,2,3184.268,0.006,3184.26728,0.00009,0.001,1hl,,,,
Ar,2,3185.734,0.006,3185.73647,0.00004,-0.002,3,,,,
Ar,2,3186.1716,0.0014,3186.17165,0.00005,-0.0001,4,,,,
Ar,2,3188.369,0.006,3188.38080,0.00005,-0.012,1,,,,
Ar,2,3191.95,0.02,3191.95415,0.00005,-0.004,0.5h,,,,
Ar,2,3192.363,0.006,3192.36897,0.00006,-0.006,3,,,,
Ar,2,3193.512,0.006,3193.51475,0.00016,-0.003,1,,,,
Ar,2,3194.2303,0.0004,3194.23023,0.00004,0.0001,14,2.4e+07,D,,
Ar,2,3194.598,0.006,3194.60488,0.00005,-0.007,4,,,,
Ar,2,3195.574,0.006,3195.58763,0.00015,-0.014,2p?,,,,
Ar,2,3195.752,0.006,3195.75525,0.00020,-0.003,5,,,,
Ar,2,3198.920,0.006,3198.92651,0.00004,-0.007,2,,,,
Ar,1,3200.37,,,,,8,,,,
Ar,2,3203.392,0.006,3203.39272,0.00004,-0.001,3,,,,
Ar,2,3204.3206,0.0002,3204.32086,0.00007,-0.00026,35,4.e+07,D,,
Ar,2,3205.006,0.002,3205.0038,0.0012,0.0022,6,,,,
Ar,2,3207.581,0.002,3207.58125,0.00021,-0.0003,5,,,,
Ar,2,3207.655,0.006,3207.66891,0.00009,-0.014,2,,,,
Ar,2,3212.5178,0.0010,3212.51810,0.00005,-0.0003,7,5.2e+06,C,,
Ar,2,3215.688,0.006,3215.69249,0.00016,-0.004,3,,,,
Ar,2,3216.7297,0.0011,3216.72967,0.00004,0.0000,6,,,,
Ar,2,3217.6730,0.0014,3217.67341,0.00021,-0.0004,5,,,,
Ar,2,3221.625,0.006,3221.62493,0.00004,0.000,7,1.8e+06,C,,
Ar,2,3222.3977,0.0010,3222.39785,0.00021,-0.0002,8,,,,
Ar,2,3225.973,0.006,3225.97416,0.00004,-0.001,6,2.1e+06,C,,
Ar,2,3230.021,0.006,3230.02270,0.00005,-0.002,4,,,,
Ar,2,3230.680,0.006,3230.68288,0.00005,-0.003,2,,,,
Ar,2,3235.175,0.006,3235.17980,0.00016,-0.005,3,,,,
Ar,2,3236.8097,0.0008,3236.81049,0.00008,-0.0008,10,5.2e+07,D,,
Ar,2,3241.708,0.006,3241.708,0.006,0.000,2,,,,
Ar,2,3243.6881,0.0001,3243.68806,0.00005,0.00004,95,1.056e+08,C,,
Ar,2,3247.481,0.006,3247.48212,0.00018,-0.001,3,,,,
Ar,2,3249.7996,0.0001,3249.79976,0.00005,-0.00016,95,6.3e+07,C,,
Ar,2,3253.918,0.006,3253.91840,0.00004, 0.000,3,9.e+05,C,,
Ar,2,3258.894,0.006,3258.89842,0.00005,-0.004,2,,,,
Ar,2,3259.336,0.006,3259.33854,0.00016,-0.003,0.5*,,,,
Ar,2,3259.336,0.006,3259.34061,0.00010,-0.005,0.5*,,,,
Ar,2,3259.6556,0.0015,3259.65584,0.00017,-0.0002,5,,,,
Ar,2,3262.083,0.006,3262.08337,0.00017, 0.000,2,,,,
Ar,2,3263.5702,0.0004,3263.57059,0.00005,-0.0004,21,1.55e+07,B,,
Ar,2,3268.987,0.006,3268.99068,0.00005,-0.004,5,,,,
Ar,2,3270.474,0.006,3270.47846,0.00016,-0.004,5,,,,
Ar,2,3273.3165,0.0008,3273.31709,0.00008,-0.0006,9,3.7e+07,D,,
Ar,2,3275.6434,0.0012,3275.64361,0.00017,-0.0002,6,,,,
Ar,2,3276.085,0.006,3276.09198,0.00016,-0.007,3,,,,
Ar,2,3279.9418,0.0030,3279.94121,0.00005,0.0006,2,,,,
Ar,2,3281.7012,0.0002,3281.70092,0.00006,0.00028,43,4.2e+07,C,,
Ar,2,3291.4405,0.0006,3291.44028,0.00022,0.0002,10,,,,
Ar,2,3293.6402,0.0001,3293.64009,0.00008,0.00011,162,1.7e+08,D,,
Ar,2,3293.9244,0.0004,3293.92452,0.00005,-0.0001,21,,,,
Ar,2,3297.020,0.006,3297.02859,0.00018,-0.009,2,,,,
Ar,2,3298.418,0.006,3298.421,0.004,-0.003,2,,,,
Ar,2,3306.445,0.006,3306.44038,0.00021,0.005,5,,,,
Ar,2,3307.2283,0.0001,3307.22825,0.00008,0.00005,126,3.4e+08,D,,
Ar,2,3309.3397,0.0019,3309.34039,0.00010,-0.0007,4,,,,
Ar,2,3312.70,0.02,3312.70206,0.00017,-0.002,0.5,,,,
Ar,2,3317.825,0.006,3317.82317,0.00010,0.002,3,,,,
Ar,1,3319.34,,,,,7,,,,
Ar,2,3320.375,0.006,3320.37268,0.00020,0.002,2,,,,
Ar,2,3324.228,0.006,3324.228,0.006, 0.000,2,,,,
Ar,2,3337.116,0.006,3337.125,0.011,-0.009,2hl,,,,
Ar,2,3338.8225,0.0007,3338.82317,0.00004,-0.0007,7,,,,
Ar,2,3341.507,0.006,3341.50230,0.00010,0.005,3,,,,
Ar,2,3341.746,0.006,3341.74042,0.00004,0.006,6,,,,
Ar,2,3347.694,0.006,3347.69637,0.00004,-0.002,1,,,,
Ar,2,3350.9238,0.0001,3350.92386,0.00005,-0.00006,129,1.5e+08,D,,
Ar,2,3361.7447,0.0006,3361.74474,0.00004, 0.0000,10,3.9e+06,D,,
Ar,2,3363.300,0.006,3363.29875,0.00018,0.001,2,,,,
Ar,2,3364.362,0.006,3364.36530,0.00017,-0.003,2,,,,
Ar,2,3365.5204,0.0006,3365.52028,0.00005,0.0001,13,1.3e+07,D,,
Ar,2,3365.58,0.02,3365.59797,0.00017,-0.018,1?,,,,
Ar,2,3366.5800,0.0003,3366.57996,0.00008,0.0000,22,4.1e+07,D,,
Ar,2,3370.9147,0.0007,3370.91470,0.00005,0.0000,12,5.9e+06,D,,
Ar,2,3370.9850,0.0018,3370.98437,0.00014,0.0006,4,,,,
Ar,2,3373.140,0.012,3373.13287,0.00017,0.007,1wbl,,,,
Ar,1,3373.47,,,,,7,,,,
Ar,2,3373.842,0.006,3373.84416,0.00004,-0.002,3,,,,
Ar,2,3376.4357,0.0001,3376.43578,0.00004,-0.00008,155,1.5e+08,D,,
Ar,2,3378.442,0.006,3378.44466,0.00017,-0.003,1,,,,
Ar,2,3379.458,0.006,3379.46015,0.00005,-0.002,4,2.e+06,D,,
Ar,2,3379.5779,0.0007,3379.57698,0.00005,0.0009,11,3.2e+07,D,,
Ar,2,3381.063,0.006,3381.06621,0.00004,-0.003,1,,,,
Ar,2,3382.133,0.006,3382.13182,0.00004,0.001,3,,,,
Ar,2,3383.865,0.006,3383.86892,0.00009,-0.004,1,,,,
Ar,2,3388.5306,0.0001,3388.53072,0.00008,-0.00012,195,1.9e+08,D,,
Ar,2,3391.343,0.006,3391.34481,0.00004,-0.002,0.5,,,,
Ar,1,3393.73,,,,,7,,,,
Ar,2,3397.002,0.006,3397.00197,0.00004,0.000,1,,,,
Ar,2,3397.608,0.006,3397.61093,0.00017,-0.003,1,,,,
Ar,2,3397.8954,0.0006,3397.89536,0.00005,0.0000,8,2.7e+06,D,,
Ar,1,,,3406.1804,,,,3.9e+05,D,,
Ar,2,3406.298,0.006,3406.29625,0.00004,0.002,3,,,,
Ar,2,3408.350,0.006,3408.35406,0.00020,-0.004,0.5,,,,
Ar,2,3408.612,0.005,3408.61207,0.00020, 0.000,3bl,,,,
Ar,2,3409.413,0.006,3409.4179,0.0009,-0.005,1,,,,
Ar,2,3409.54,0.02,3409.54364,0.00018,-0.004,0?,,,,
Ar,2,3409.699,0.006,3409.70211,0.00021,-0.003,2,,,,
Ar,2,3414.4579,0.0008,3414.45796,0.00005,-0.0001,9,7.7e+06,D,,
Ar,2,3416.560,0.006,3416.560,0.006, 0.000,1,,,,
Ar,2,3421.6108,0.0004,3421.61032,0.00005,0.0005,22,9.3e+06,D,,
Ar,2,3425.500,0.006,3425.49849,0.00018,0.002,2,,,,
Ar,2,3429.6138,0.0004,3429.61434,0.00005,-0.0005,20,2.2e+07,D,,
Ar,2,3430.4148,0.0003,3430.41507,0.00004,-0.0003,26,6.2e+06,B,,
Ar,2,3430.991,0.002,3430.99186,0.00005,-0.0009,5,,,,
Ar,2,3431.737,0.006,3431.73675,0.00005,0.000,2,,,,
Ar,2,3432.5838,0.0019,3432.58318,0.00005,0.0006,5,,,,
Ar,2,3433.369,0.006,3433.366,0.005,0.003,1,,,,
Ar,2,3435.773,0.006,3435.77602,0.00021,-0.003,1,,,,
Ar,2,3439.094,0.006,3439.090,0.004,0.004,1,,,,
Ar,2,3447.290,0.006,3447.29080,0.00012,-0.001,1,,,,
Ar,2,3448.281,0.006,3448.28150,0.00023, 0.000,1,,,,
Ar,2,3454.0949,0.0001,3454.09498,0.00005,-0.00008,76,3.14e+07,B,,
Ar,2,3458.688,0.006,3458.68529,0.00006,0.003,1?,,,,
Ar,1,3461.07,,3461.0783,,-0.01,7,6.7e+04,D,,
Ar,2,3464.1264,0.0002,3464.12673,0.00004,-0.00033,81bl,3.7e+07,D,,
Ar,2,3465.7830,0.0005,3465.78302,0.00009, 0.0000,14,,,,
Ar,2,3466.3330,0.0001,3466.33299,0.00008,0.00001,91,,,,
Ar,2,,,3466.36343,0.00005,,,3.0e+06,C,,
Ar,2,3470.2606,0.0006,3470.26106,0.00004,-0.0005,12,,,,
Ar,2,3471.600,0.006,3471.59630,0.00005,0.004,3,,,,
Ar,2,3476.7471,0.0001,3476.74711,0.00005,-0.00001,427,1.25e+08,B,,
Ar,2,3478.2316,0.0001,3478.23166,0.00006,-0.00006,100,,,,
Ar,2,3480.511,0.006,3480.50512,0.00005,0.006,9,,,,
Ar,2,3481.591,0.006,3481.590,0.006,0.001,1,,,,
Ar,2,3487.3155,0.0007,3487.31541,0.00004,0.0001,6,2.7e+06,D,,
Ar,2,3488.188,0.006,3488.18953,0.00020,-0.002,1,,,,
Ar,2,3490.8729,0.0002,3490.87300,0.00005,-0.00010,45,,,,
Ar,2,3491.2437,0.0001,3491.24373,0.00005,-0.00003,389,1.79e+08,B,,
Ar,2,3491.5356,0.0001,3491.53560,0.00005,0.00000,1000,2.31e+08,B,,
Ar,2,3495.775,0.006,3495.75822,0.00018,0.017,1,,,,
Ar,2,3499.4759,0.0007,3499.47590,0.00006, 0.0000,8,3.e+05,C+,,
Ar,2,3499.957,0.006,3499.96731,0.00004,-0.010,0.5,,,,
Ar,2,3509.7779,0.0001,3509.77794,0.00009,-0.00004,447,2.55e+08,B,,
Ar,2,3514.3874,0.0001,3514.38733,0.00005,0.00007,490,1.36e+08,B,,
Ar,2,3517.8897,0.0010,3517.88887,0.00007,0.0008,4,7.e+04,E,,
Ar,2,3518.93,0.04,3518.922,0.014,0.01,1wl,,,,
Ar,2,3519.9933,0.0001,3519.99331,0.00004,-0.00001,191,5.2e+07,B,,
Ar,2,3521.2600,0.0001,3521.25990,0.00005,0.00010,100,2.27e+07,B,,
Ar,2,3521.555,0.006,3521.55960,0.00004,-0.005,1,,,,
Ar,2,3521.9773,0.0001,3521.97725,0.00008,0.00005,71,,,,
Ar,2,3523.49,0.04,3523.49281,0.00005, 0.00,0.5hl,,,,
Ar,2,3531.178,0.006,3531.18196,0.00009,-0.004,2,,,,
Ar,2,3532.233,0.006,3532.23961,0.00005,-0.007,1,,,,
Ar,2,3535.3194,0.0001,3535.31929,0.00005,0.00011,170,5.7e+07,B,,
Ar,2,3543.1467,0.0003,3543.14688,0.00004,-0.0002,26,,,,
Ar,2,3543.31,0.02,3543.31751,0.00010,-0.008,1?,,,,
Ar,2,3545.5952,0.0001,3545.59516,0.00004,0.00004,891,3.4e+08,D,,
Ar,2,3545.8431,0.0001,3545.84315,0.00005,-0.00005,794,3.9e+08,D,,
Ar,2,3548.5141,0.0001,3548.51395,0.00005,0.00015,195,8.7e+07,B,,
Ar,2,3550.0297,0.0006,3550.02886,0.00005,0.0008,10,2.6e+06,C,,
Ar,1,3554.306,,3554.3055,,0.001,7,2.7e+05,D,,
Ar,2,3556.9038,0.0002,3556.90383,0.00007,-0.00003,49,5.0e+06,B,,
Ar,2,3559.5079,0.0001,3559.50780,0.00004,0.00010,1445,2.88e+08,B,,
Ar,2,3561.0303,0.0002,3561.03016,0.00005,0.00014,1023bl,4.e+08,D,,
Ar,2,3562.1914,0.0002,3562.19111,0.00005,0.00029,35,1.5e+07,D,,
Ar,1,,,3563.2859,,,,1.2e+05,D,,
Ar,2,3564.3333,0.0005,3564.33292,0.00003,0.0004,19,,,,
Ar,2,3565.0296,0.0001,3565.02938,0.00007,0.00022,162,5.5e+07,C,,
Ar,1,,,3567.6560,,,,1.1e+05,D,,
Ar,2,3569.01,0.04,3569.04725,0.00019,-0.04,1wl,,,,
Ar,2,3569.940,0.006,3569.93722,0.00006,0.003,3*,,,,
Ar,2,3569.940,0.006,3569.95863,0.00007,-0.019,3*,,,,
Ar,2,3570.746,0.006,3570.74366,0.00006,0.002,1,,,,
Ar,1,,,3572.2953,,,,5.1e+05,D,,
Ar,2,3575.7533,0.0018,3575.75359,0.00006,-0.0003,5bl,,,,
Ar,2,3576.6153,0.0001,3576.61538,0.00006,-0.00008,12303,2.75e+08,B,,
Ar,2,3578.3556,0.0009,3578.35563,0.00006, 0.0000,8,,,,
Ar,2,3581.6077,0.0001,3581.60797,0.00006,-0.00027,68,1.76e+08,B,,
Ar,2,3582.3544,0.0001,3582.35434,0.00006,0.00006,155,2.53e+08,B,,
Ar,2,3588.4403,0.0001,3588.44021,0.00008,0.00009,12303,3.03e+08,B,,
Ar,2,3593.717,0.008,3593.71669,0.00004,0.000,2,,,,
Ar,2,3594.37,0.02,3594.37559,0.00006,-0.006,0.5,,,,
Ar,2,3600.2217,0.0007,3600.22175,0.00006, 0.0000,10,,,,
Ar,2,3601.5089,0.0004,3601.50884,0.00006,0.0001,15,2.e+05,C,,
Ar,2,3603.456,0.003,3603.45573,0.00008,0.000,3,6.5e+06,D,,
Ar,2,3603.905,0.004,3603.90419,0.00003,0.001,3,,,,
Ar,2,3605.8788,0.0003,3605.87889,0.00006,-0.0001,24,4.4e+06,B,,
Ar,1,3606.522,,3606.5217,,0.000,7,7.6e+05,D,,
Ar,2,3607.401,0.006,3607.40366,0.00006,-0.003,2,,,,
Ar,2,3611.365,0.006,3611.36648,0.00009,-0.001,1,,,,
Ar,2,3611.8130,0.0004,3611.81306,0.00006,-0.0001,14,6.e+05,C,,
Ar,2,3620.807,0.006,3620.80929,0.00004,-0.002,3,,,,
Ar,2,3621.012,0.006,3621.01412,0.00006,-0.002,3,,,,
Ar,2,3622.1376,0.0004,3622.13719,0.00004,0.0004,30,6.4e+07,D,,
Ar,2,3623.444,0.006,3623.44968,0.00008,-0.006,2,,,,
Ar,1,,,3632.6829,,,,6.6e+04,D,,
Ar,1,,,3634.4600,,,,1.3e+05,D,,
Ar,2,3634.8119,0.0008,3634.81220,0.00006,-0.0003,9,9.e+05,C,,
Ar,2,3635.10,0.02,3635.09952,0.00008,0.000,0h,,,,
Ar,2,3635.636,0.006,3635.63755,0.00006,-0.002,3,,,,
Ar,2,3637.0303,0.0004,3637.03094,0.00006,-0.0006,19,,,,
Ar,2,3639.8324,0.0002,3639.83244,0.00006,-0.00004,42,1.4e+08,D,,
Ar,1,,,3643.1163,,,,2.4e+04,D,,
Ar,1,,,3649.8317,,,,8.0e+05,D,,
Ar,2,3650.8891,0.0012,3650.88923,0.00005,-0.0001,8,1.2e+07,D,,
Ar,2,3651.184,0.006,3651.19395,0.00017,-0.010,0.5,,,,
Ar,2,3655.2775,0.0002,3655.27776,0.00005,-0.00026,37,2.3e+07,D,,
Ar,2,3656.0495,0.0002,3656.04940,0.00005,0.00010,27,7.6e+06,B,,
Ar,2,3657.216,0.003,3657.21694,0.00007,-0.001,3,,,,
Ar,1,,,3659.5291,,,,4.4e+04,D,,
Ar,2,3660.4362,0.0003,3660.43646,0.00006,-0.0003,28,2.2e+08,D,,
Ar,2,3661.13,0.02,3661.132,0.012,-0.002,0.5h,,,,
Ar,2,3669.6020,0.0003,3669.60196,0.00006,0.0000,26,1.3e+07,D,,
Ar,1,,,3670.6701,,,,3.1e+04,D,,
Ar,2,3671.0045,0.0003,3671.00424,0.00008,0.0003,19,7.1e+07,D,,
Ar,2,3673.2640,0.0003,3673.26401,0.00006, 0.0000,22,,,,
Ar,2,3673.842,0.006,3673.84290,0.00006,-0.001,0,,,,
Ar,1,,,3675.2352,,,,4.9e+04,D,,
Ar,2,3678.2690,0.0007,3678.26948,0.00005,-0.0005,17,2.5e+07,D,,
Ar,2,3680.0607,0.0004,3680.06050,0.00007,0.0002,20,1.2e+08,D,,
Ar,2,3682.5439,0.0008,3682.54450,0.00007,-0.0006,9,1.7e+06,B,,
Ar,2,3692.126,0.006,3692.12380,0.00006,0.002,1,,,,
Ar,2,3692.299,0.012,3692.28325,0.00006,0.016,1hl?,,,,
Ar,2,3694.643,0.006,3694.64208,0.00006,0.001,2,,,,
Ar,2,3702.005,0.006,3702.00145,0.00005,0.004,2,,,,
Ar,2,3703.550,0.006,3703.550,0.005,0.000,1,,,,
Ar,2,3706.9302,0.0003,3706.92967,0.00009,0.0005,7,2.e+05,C,,
Ar,2,3709.9085,0.0006,3709.90842,0.00005,0.0001,11,4.7e+06,B,,
Ar,2,3713.019,0.006,3713.01505,0.00005,0.004,2,,,,
Ar,2,3714.7332,0.0004,3714.73315,0.00006,0.0000,14,2.e+05,D,,
Ar,2,3717.1721,0.0015,3717.17101,0.00006,0.0011,6,5.2e+06,B,,
Ar,2,3718.2061,0.0001,3718.20606,0.00006,0.00004,93,2.e+08,D,,
Ar,2,3720.4258,0.0011,3720.42586,0.00005,-0.0001,12,1.7e+07,D,,
Ar,2,3724.5156,0.0005,3724.51602,0.00006,-0.0004,14,3.4e+07,D,,
Ar,2,3729.3082,0.0001,3729.30810,0.00006,0.00010,234,4.80e+07,B,,
Ar,2,3733.37,0.04,3733.35452,0.00006,0.02,1hl,,,,
Ar,2,3735.4880,0.0017,3735.48761,0.00006,0.0004,4,3.e+05,C+,,
Ar,2,3737.8889,0.0001,3737.88890,0.00005,0.00000,126,2.3e+08,D,,
Ar,2,3744.274,0.006,3744.27089,0.00018,0.003,1,,,,
Ar,2,3746.4469,0.0001,3746.44703,0.00005,-0.00013,275,,,,
Ar,2,3746.9130,0.0010,3746.91300,0.00005,0.0000,7,2.1e+06,B,,
Ar,2,3750.4801,0.0005,3750.47947,0.00009,0.0006,13,1.e+05,D,,
Ar,2,3751.047,0.006,3751.05220,0.00006,-0.005,2,,,,
Ar,2,3751.330,0.006,3751.3259,0.0003,0.004,1,,,,
Ar,2,3752.856,0.006,3752.85328,0.00005,0.003,0.5,,,,
Ar,2,3753.5172,0.0003,3753.51727,0.00006,-0.0001,26,,,,
Ar,2,3754.0493,0.0008,3754.04927,0.00010,0.0000,11,,,,
Ar,2,3756.6701,0.0020,3756.66900,0.00005,0.0011,4,,,,
Ar,2,3763.111,0.006,3763.11028,0.00005,0.001,2,,,,
Ar,2,3763.5041,0.0005,3763.50501,0.00006,-0.0009,17,1.78e+07,B,,
Ar,2,3765.2697,0.0001,3765.26969,0.00005,0.00001,186,9.8e+07,D,,
Ar,2,3766.1182,0.0001,3766.11839,0.00006,-0.00019,91,7.4e+06,B,,
Ar,1,3770.369,,3770.3689,,0.000,20,7.0e+04,D,,
Ar,2,3770.5194,0.0004,3770.51925,0.00006,0.0002,33,4.1e+07,D,,
Ar,2,3774.522,0.006,3774.51913,0.00005,0.003,4,,,,
Ar,2,3777.5310,0.0008,3777.53110,0.00006,-0.0001,5,1.1e+06,D,,
Ar,2,3780.8394,0.0001,3780.83953,0.00006,-0.00013,81,7.7e+07,B,,
Ar,2,3786.3819,0.0004,3786.38198,0.00006,-0.0001,20,1.5e+06,B,,
Ar,2,3793.226,0.006,3793.22798,0.00006,-0.002,1,,,,
Ar,2,3796.5931,0.0006,3796.59302,0.00006,0.0001,13,2.5e+07,D,,
Ar,2,3799.3811,0.0006,3799.38187,0.00006,-0.0008,12,1.7e+07,C,,
Ar,2,3803.1720,0.0001,3803.17205,0.00006,-0.00005,69,1.5e+08,D,,
Ar,2,3808.5745,0.0006,3808.57439,0.00006,0.0001,14,1.0e+06,C,,
Ar,2,3809.4558,0.0002,3809.45576,0.00005,0.00004,91,4.4e+07,D,,
Ar,2,3811.212,0.006,3811.21124,0.00006,0.001,2,,,,
Ar,2,3817.380,0.006,3817.38108,0.00018,-0.001,1h,,,,
Ar,2,3819.0150,0.0009,3819.01539,0.00006,-0.0004,8,3.6e+05,D,,
Ar,2,3823.254,0.006,3823.25375,0.00005,0.000,3,,,,
Ar,2,3825.6723,0.0004,3825.67243,0.00006,-0.0001,19,7.6e+07,D,,
Ar,2,3826.8067,0.0003,3826.80692,0.00006,-0.0002,30,2.81e+07,B,,
Ar,2,3830.165,0.006,3830.16452,0.00005,0.000,1,,,,
Ar,2,3830.3951,0.0012,3830.39372,0.00006,0.0014,6,4.e+05,D,,
Ar,2,3830.5209,0.0011,3830.52004,0.00009,0.0009,7,,,,
Ar,1,3834.679,,3834.6784,,0.001,7,7.5e+05,D,,
Ar,2,3838.239,0.006,3838.239,0.004,0.000,1,,,,
Ar,2,3841.5186,0.0005,3841.51838,0.00011,0.0002,18,2.69e+07,B,,
Ar,2,3844.5622,0.0010,3844.56216,0.00004,0.0000,6,3.e+05,E,,
Ar,2,3844.7306,0.0017,3844.73084,0.00006,-0.0002,5,4.8e+06,B,,
Ar,2,3845.4049,0.0002,3845.40506,0.00006,-0.00016,32,1.6e+06,C,,
Ar,2,3850.5808,0.0001,3850.58079,0.00005,0.00001,263,3.87e+07,B,,
Ar,2,3855.1603,0.0010,3855.16032,0.00006, 0.0000,6,1.5e+06,D,,
Ar,2,3856.1374,0.0017,3856.13749,0.00009,-0.0001,6,,,,
Ar,2,3861.348,0.006,3861.34778,0.00008,0.000,3,,,,
Ar,2,3868.5281,0.0001,3868.52819,0.00006,-0.00009,166,1.4e+08,C,,
Ar,2,3869.614,0.006,3869.61963,0.00005,-0.006,2h,6.e+05,C,,
Ar,2,3872.1361,0.0007,3872.13701,0.00006,-0.0009,11,1.5e+07,C,,
Ar,2,3875.2641,0.0001,3875.26405,0.00009,0.00005,78,8.2e+06,B,,
Ar,2,3880.3323,0.0005,3880.33288,0.00011,-0.0006,15,2.32e+07,B,,
Ar,2,3883.14,0.02,3883.14212,0.00005,-0.002,0h,,,,
Ar,2,3891.4011,0.0006,3891.40123,0.00011,-0.0001,14,4.3e+06,B,,
Ar,2,3891.9787,0.0002,3891.97869,0.00008,0.00001,50,6.3e+06,C,,
Ar,1,,,3894.6601,,,,5.7e+04,D,,
Ar,2,3895.2506,0.0014,3895.24947,0.00009,0.0011,5,,,,
Ar,2,3900.6251,0.0010,3900.62636,0.00006,-0.0013,8,7.2e+06,B,,
Ar,2,3906.95,0.04,3906.93849,0.00014,0.01,0bl?,,,,
Ar,2,3911.5759,0.0011,3911.57587,0.00008,0.0000,6,7.7e+06,C+,,
Ar,2,3914.7674,0.0004,3914.76695,0.00008,0.0004,25,3.7e+06,B,,
Ar,2,3915.516,0.012,3915.5287,0.0003,-0.013,1bl,,,,
Ar,2,3917.7669,0.0013,3917.76691,0.00007, 0.0000,5,1.e+05,C,,
Ar,2,3922.359,0.006,3922.35796,0.00007,0.001,2,3.e+05,C,,
Ar,2,3922.528,0.006,3922.52967,0.00007,-0.002,1h,,,,
Ar,2,3923.556,0.006,3923.555,0.006,0.001,1,,,,
Ar,2,3925.7186,0.0001,3925.71849,0.00007,0.00011,129,1.4e+08,D,,
Ar,2,3926.0451,0.0006,3926.04544,0.00005,-0.0003,13,,,,
Ar,2,3928.6227,0.0001,3928.62282,0.00007,-0.00012,191,2.44e+07,B,,
Ar,2,3931.2353,0.0006,3931.23548,0.00011,-0.0002,17,2.0e+06,B,,
Ar,2,3932.5463,0.0001,3932.54638,0.00007,-0.00008,91,9.3e+07,C,,
Ar,2,3933.17,0.04,3933.18691,0.00004,-0.02,2bl,,,,
Ar,2,3935.275,0.006,3935.28178,0.00014,-0.007,1,,,,
Ar,2,3938.843,0.006,3938.84385,0.00007,-0.001,1,,,,
Ar,2,3944.2712,0.0002,3944.27124,0.00007,-0.00004,49,4.1e+06,B,,
Ar,2,3946.0969,0.0001,3946.09692,0.00005,-0.00002,204,1.4e+08,D,,
Ar,1,3947.505,,3947.50472,,0.000,7,5.6e+04,C+,,
Ar,1,3948.979,,3948.97881,,0.000,35,4.6e+05,B,,
Ar,2,3952.7280,0.0005,3952.72882,0.00007,-0.0008,16,2.08e+07,B,,
Ar,2,3958.3790,0.0012,3958.37988,0.00007,-0.0009,7,3.8e+06,B,,
Ar,2,3968.3589,0.0002,3968.35887,0.00007,0.00003,59,4.8e+06,B,,
Ar,2,3974.4764,0.0002,3974.47629,0.00004,0.00011,50,2.0e+06,D,,
Ar,2,3974.7582,0.0006,3974.75854,0.00007,-0.0003,15,9.e+05,D,,
Ar,2,3979.3554,0.0001,3979.35543,0.00008,-0.00003,87,9.8e+07,C,,
Ar,2,3980.42,0.02,3980.4335,0.0003,-0.014,0,,,,
Ar,2,3988.1573,0.0006,3988.15725,0.00007,0.0000,12,4.1e+06,B,,
Ar,2,3992.0531,0.0004,3992.05304,0.00007,0.0001,21,1.6e+06,B,,
Ar,2,3994.7916,0.0002,3994.79193,0.00010,-0.00033,58,1.6e+08,E,,
Ar,2,3999.2518,0.0003,3999.25192,0.00021,-0.0001,4,,,,
Ar,2,4001.1378,0.0003,4001.13759,0.00013,0.0002,3,6.e+05,C,,
Ar,2,4005.3620,0.0009,4005.3627,0.0003,-0.0007,10,,,,
Ar,2,4007.632,0.008,4007.62828,0.00007,0.004,2,,,,
Ar,2,4011.2084,0.0006,4011.20922,0.00005,-0.0008,12,3.1e+06,D,,
Ar,2,4013.8561,0.0001,4013.85610,0.00008, 0.00000,145,1.05e+07,A,,
Ar,2,4019.8434,0.0010,4019.8429,0.0003,0.0005,7,,,,
Ar,2,4031.3769,0.0014,4031.37797,0.00010,-0.0011,6,7.5e+06,B,,
Ar,2,4033.8090,0.0001,4033.80915,0.00007,-0.00015,95,9.8e+07,D,,
Ar,2,4034.783,0.016,4034.77769,0.00007,0.005,1blG?,,,,
Ar,2,4035.4595,0.0002,4035.45971,0.00005,-0.00021,50,4.4e+06,B,,
Ar,2,4038.8039,0.0005,4038.80380,0.00008,0.0001,18,1.2e+06,B,,
Ar,2,4042.190,0.008,4042.18100,0.00007,0.009,3,4.e+05,C,,
Ar,2,4042.8934,0.0001,4042.89342,0.00005,-0.00002,288,4.06e+07,B,,
Ar,1,4044.418,,4044.41804,, 0.000,50,3.3e+05,B,,
Ar,2,4045.6769,0.0008,4045.67613,0.00008,0.0008,8,1.6e+06,C,,
Ar,1,,,4045.96541,,,,4.1e+04,B,,
Ar,2,4047.4803,0.0011,4047.48081,0.00008,-0.0005,10,,,,
Ar,2,4051.122,0.002,4051.12055,0.00010,0.0015,5,,,,
Ar,2,4052.9206,0.0001,4052.92057,0.00010,0.00003,178,6.7e+07,E,,
Ar,2,4053.540,0.008,4053.54732,0.00007,-0.007,1,,,,
Ar,1,,,4054.52576,,,,2.7e+04,C+,,
Ar,2,4057.672,0.008,4057.67530,0.00007,-0.003,1,2.e+04,E,,
Ar,2,,,4060.50290,,,,3.2e+03,E,,
Ar,2,4065.1114,0.0003,4065.11110,0.00007,0.0003,3,1.1e+06,C,,
Ar,2,4070.7837,0.0008,4070.7839,0.0003,-0.0002,10,,,,
Ar,2,4072.0043,0.0001,4072.00431,0.00005,-0.00001,708,5.8e+07,B,,
Ar,2,4072.3843,0.0001,4072.38432,0.00005,-0.00002,178,,,,
Ar,2,4076.6282,0.0002,4076.62819,0.00007,0.00001,85,8.e+07,D,,
Ar,2,4076.9432,0.0002,4076.94294,0.00005,0.00026,47,9.9e+07,D,,
Ar,2,4079.5734,0.0001,4079.57339,0.00005,0.00001,100,1.19e+07,B,,
Ar,2,4080.6359,0.0001,4080.63589,0.00013,0.00001,85,,,,
Ar,2,4080.7022,0.0003,4080.70213,0.00018,0.0001,40,,,,
Ar,2,4082.3868,0.0001,4082.38680,0.00007, 0.00000,76,2.9e+06,B+,,
Ar,2,4083.466,0.008,4083.47624,0.00018,-0.010,1,,,,
Ar,2,4097.1351,0.0003,4097.13543,0.00014,-0.0003,28,,,,
Ar,2,4097.2033,0.0008,4097.20221,0.00020,0.0011,12,,,,
Ar,2,4099.4554,0.0008,4099.45565,0.00009,-0.0002,11,,,,
Ar,2,4103.8323,0.0001,4103.83222,0.00004,0.00008,158,1.3e+08,D,,
Ar,2,4103.9118,0.0001,4103.91181,0.00007,-0.00001,447,1.2e+08,D,,
Ar,2,4112.8151,0.0003,4112.81487,0.00004,0.0002,513bl,1.1e+06,B,,
Ar,2,4114.487,0.008,4114.48850,0.00020,-0.001,2,,,,
Ar,2,4116.3756,0.0012,4116.37493,0.00017,0.0007,8,,,,
Ar,2,4124.058,0.008,4124.06120,0.00014,-0.003,1,,,,
Ar,2,4128.6399,0.0005,4128.63985,0.00006,0.0000,18,1.4e+06,B,,
Ar,2,4129.6820,0.0007,4129.68211,0.00006,-0.0001,12,,,,
Ar,2,4131.7232,0.0001,4131.72327,0.00007,-0.00007,891,8.5e+07,B,,
Ar,2,4144.245,0.003,4144.2441,0.0003,0.001,5,,,,
Ar,2,4147.377,0.008,4147.38177,0.00007,-0.005,2,1.8e+04,E,,
Ar,2,4152.909,0.008,4152.909,0.009,0.000,0.5,,,,
Ar,2,4156.0854,0.0002,4156.08541,0.00007,-0.00001,60,3.9e+07,D,,
Ar,1,4158.590,,4158.59070,,-0.001,400,1.40e+06,B,,
Ar,2,4162.51,0.02,4162.5085,0.0003,0.001,0,,,,
Ar,1,4164.180,,4164.17952,,0.000,50,2.9e+05,B,,
Ar,2,4168.9696,0.0018,4168.96778,0.00018,0.0018,6,,,,
Ar,2,4178.3650,0.0007,4178.36530,0.00007,-0.0003,13,1.2e+06,C+,,
Ar,2,4179.2972,0.0003,4179.29704,0.00006,0.0002,50,1.3e+07,D,,
Ar,1,4181.884,,4181.88354,,0.000,50,5.6e+05,B,,
Ar,2,4183.5909,0.0004,4183.5908,0.0003,0.0001,4,,,,
Ar,2,4189.6507,0.0006,4189.65100,0.00007,-0.0003,16,,,,
Ar,1,4190.713,,4190.71294,,0.000,100,2.80e+05,B,,
Ar,1,4191.029,,4191.02932,, 0.000,50,5.4e+05,C+,,
Ar,1,4198.317,,4198.31729,, 0.000,200,2.57e+06,B,,
Ar,2,4199.8887,0.0015,4199.8890,0.0003,-0.0003,9,,,,
Ar,1,4200.674,,4200.67472,,-0.001,400,9.7e+05,B+,,
Ar,2,4201.5556,0.0008,4201.55428,0.00007,0.0013,10,,,,
Ar,2,4201.9713,0.0001,4201.97120,0.00007,0.00010,59,2.1e+06,C,,
Ar,2,4203.4105,0.0006,4203.41075,0.00016,-0.0002,18,,,,
Ar,2,4209.944,0.008,4209.94575,0.00007,-0.002,1,1.8e+05,D,,
Ar,2,4210.950,0.008,4210.95880,0.00023,-0.009,1,,,,
Ar,2,4214.854,0.008,4214.8618,0.0012,-0.008,2,,,,
Ar,2,4217.4306,0.0004,4217.43061,0.00007, 0.0000,27,,,,
Ar,2,4218.6648,0.0002,4218.66480,0.00004, 0.00000,59,3.6e+07,D,,
Ar,2,4222.6369,0.0001,4222.63701,0.00006,-0.00011,76,6.9e+07,D,,
Ar,2,4226.6091,0.0005,4226.60846,0.00007,0.0006,16,,,,
Ar,2,4226.9874,0.0001,4226.98745,0.00006,-0.00005,89,4.1e+07,D,,
Ar,2,4228.1577,0.0001,4228.15775,0.00004,-0.00005,331,1.31e+07,A,,
Ar,2,4229.8688,0.0004,4229.86872,0.00009,0.0001,26,,,,
Ar,2,4237.2195,0.0001,4237.21956,0.00006,-0.00006,269,1.12e+07,B,,
Ar,2,4243.640,0.008,4243.64424,0.00008,-0.004,2,2.e+05,C,,
Ar,1,4251.185,,4251.1849,,0.000,25,1.11e+05,C+,,
Ar,2,4255.6027,0.0009,4255.60268,0.00006,0.0000,8,2.1e+06,D,,
Ar,2,4256.663,0.008,4256.6688,0.0003,-0.006,1,,,,
Ar,1,4259.362,,4259.3617,,0.000,200,3.98e+06,B+,,
Ar,1,4266.286,,4266.2867,,-0.001,100,3.1e+05,C+,,
Ar,2,4266.5265,0.0001,4266.52661,0.00008,-0.00011,288,1.64e+07,B,,
Ar,2,4267.490,0.008,4267.49809,0.00008,-0.008,3,,,,
Ar,2,4267.730,0.008,4267.73622,0.00011,-0.006,3h,,,,
Ar,1,4272.169,,4272.1689,,0.000,150,8.0e+05,B,,
Ar,2,4275.1592,0.0003,4275.15959,0.00004,-0.0004,35,2.6e+07,D,,
Ar,2,4277.5279,0.0001,4277.52786,0.00006,0.00004,1995,8.0e+07,B,,
Ar,2,4282.8971,0.0001,4282.89720,0.00008,-0.00010,68,1.32e+07,B,,
Ar,2,4286.3567,0.0004,4286.3567,0.0004,0.0000,6,,,,
Ar,2,4297.9632,0.0007,4297.9645,0.0003,-0.0013,15,,,,
Ar,1,4300.101,,4300.1009,,0.000,100,3.77e+05,B+,,
Ar,2,4300.449,0.008,4300.4543,0.0003,-0.005,2,,,,
Ar,2,4300.6493,0.0001,4300.64931,0.00006,-0.00001,85,5.7e+06,B,,
Ar,2,4309.0931,0.0001,4309.09312,0.00006,-0.00002,93,,,,
Ar,2,4309.2385,0.0001,4309.23857,0.00008,-0.00007,120,,,,
Ar,2,4327.3364,0.0004,4327.33647,0.00011,-0.0001,3,,,,
Ar,2,4329.4385,0.0011,4329.4383,0.0004,0.0002,8,,,,
Ar,2,4331.1992,0.0001,4331.19915,0.00006,0.00005,603,5.74e+07,A,,
Ar,2,4332.0295,0.0001,4332.02953,0.00010,-0.00003,162,1.92e+07,B+,,
Ar,1,4333.561,,4333.5612,, 0.000,100,5.7e+05,B+,,
Ar,1,4335.338,,4335.3378,,0.000,50,3.9e+05,C+,,
Ar,2,4337.0705,0.0002,4337.07046,0.00011,0.00004,54,3.4e+07,D,,
Ar,2,4338.2312,0.0020,4338.23078,0.00012,0.0004,6,,,,
Ar,1,4345.168,,4345.1679,,0.000,25,3.0e+05,B,,
Ar,2,4345.8968,0.0014,4345.89579,0.00010,0.0010,9,,,,
Ar,2,4348.0635,0.0001,4348.06354,0.00008,-0.00004,1995,1.171e+08,A,,
Ar,2,4352.2047,0.0001,4352.20472,0.00013,-0.00002,200,2.12e+07,B,,
Ar,2,4358.4915,0.0004,4358.49124,0.00008,0.0003,3,1.8e+05,D,,
Ar,2,4362.0660,0.0001,4362.06601,0.00006,-0.00001,78,5.5e+06,B,,
Ar,1,,,4363.7949,,,,1.20e+04,B,,
Ar,2,4367.8314,0.0001,4367.83141,0.00012,-0.00001,129,,,,
Ar,2,4370.7529,0.0001,4370.75295,0.00006,-0.00005,617,6.6e+07,B,,
Ar,2,4371.3285,0.0001,4371.32854,0.00008,-0.00004,355,2.21e+07,B,,
Ar,2,4372.4888,0.0012,4372.48963,0.00006,-0.0008,10,,,,
Ar,2,4374.8574,0.0004,4374.85779,0.00004,-0.0004,30,,,,
Ar,2,4375.9540,0.0001,4375.95402,0.00006,-0.00002,209,2.05e+07,B,,
Ar,2,4379.2128,0.0017,4379.21357,0.00006,-0.0008,11,,,,
Ar,2,4379.6665,0.0001,4379.66649,0.00010,0.00001,550,1.004e+08,A,,
Ar,2,4379.8805,0.0001,4379.88058,0.00006,-0.00008,794,,,,
Ar,2,4382.930,0.002,4382.9335,0.0019,-0.003,5,,,,
Ar,2,4383.7545,0.0009,4383.75303,0.00008,0.0015,14,1.1e+06,B,,
Ar,2,4385.0565,0.0001,4385.05653,0.00008,-0.00003,117,,,,
Ar,2,4386.9656,0.0004,4386.9655,0.0004,0.0001,5,,,,
Ar,2,4394.622,0.008,4394.61986,0.00008,0.002,3,6.e+05,C,,
Ar,2,4397.798,0.003,4397.7968,0.0004,0.001,5,,,,
Ar,2,4400.0964,0.0001,4400.09637,0.00008,0.00003,257,1.60e+07,B,,
Ar,2,4400.9860,0.0001,4400.98598,0.00008,0.00002,8710,3.04e+07,B,,
Ar,2,4401.744,0.016,4401.75478,0.00006,-0.011,2bl?,,,,
Ar,2,4404.9019,0.0006,4404.9023,0.0003,-0.0004,18,,,,
Ar,2,4406.4696,0.0006,4406.4698,0.0006,-0.0002,10,,,,
Ar,2,4409.00,0.02,4409.0102,0.0004,-0.010,0.5?,,,,
Ar,2,4412.9035,0.0004,4412.90323,0.00008,0.0003,3,6.1e+06,B,,
Ar,2,4420.9118,0.0003,4420.91205,0.00012,-0.0003,47,3.1e+06,B,,
Ar,1,,,4423.9944,,,,7.3e+03,C+,,
Ar,2,4426.0008,0.0001,4426.00080,0.00005, 0.00000,1514,8.17e+07,A,,
Ar,2,4430.1885,0.0001,4430.18862,0.00008,-0.00012,661,5.69e+07,A,,
Ar,2,4430.9959,0.0001,4430.99589,0.00008,0.00001,251,1.09e+07,B,,
Ar,2,4433.8377,0.0001,4433.83789,0.00018,-0.00019,120,,,,
Ar,2,4438.1173,0.0004,4438.11698,0.00020,0.0003,7,,,,
Ar,2,4438.808,0.008,4438.80939,0.00012,-0.001,1,,,,
Ar,2,4439.4611,0.0001,4439.46110,0.00008,0.00000,95,,,,
Ar,2,4439.8786,0.0004,4439.87923,0.00006,-0.0006,22,,,,
Ar,2,4440.1213,0.0009,4440.12110,0.00006,0.0002,13,,,,
Ar,2,4445.846,0.002,4445.84791,0.00022,-0.0019,5,,,,
Ar,2,4448.4587,0.0006,4448.45934,0.00008,-0.0006,14,,,,
Ar,2,4448.8791,0.0001,4448.87916,0.00006,-0.00006,166,6.5e+07,D,,
Ar,2,4449.521,0.003,4449.5203,0.0003,0.001,7,,,,
Ar,2,4456.55,0.02,4456.55075,0.00018,-0.001,1,,,,
Ar,2,4458.885,0.008,4458.87904,0.00014,0.006,1h,,,,
Ar,2,4460.5558,0.0004,4460.55706,0.00008,-0.0013,35,1.5e+06,B+,,
Ar,2,4474.7591,0.0001,4474.75916,0.00008,-0.00006,347,2.90e+07,B,,
Ar,2,4481.8104,0.0001,4481.81045,0.00006,-0.00005,646,4.55e+07,B,,
Ar,2,4490.9813,0.0002,4490.98136,0.00006,-0.00006,48,4.6e+06,B,,
Ar,2,4498.5374,0.0005,4498.5383,0.0003,-0.0009,25,,,,
Ar,2,4502.9265,0.0003,4502.9272,0.0004,-0.0007,42,,,,
Ar,2,4503.08,0.02,4503.08810,0.00006,-0.008,1h,,,,
Ar,2,4509.957,0.008,4509.9643,0.0003,-0.007,2,,,,
Ar,1,4510.733,,4510.7334,, 0.000,100,1.18e+06,B+,,
Ar,2,4516.095,0.008,4516.10273,0.00007,-0.008,1h,,,,
Ar,2,4517.5363,0.0004,4517.53542,0.00010,0.0009,4,,,,
Ar,1,4522.323,,4522.3234,, 0.000,20,9.0e+04,B,,
Ar,2,4530.5522,0.0001,4530.55209,0.00007,0.00011,63,2.1e+06,B,,
Ar,2,4535.4905,0.0004,4535.49051,0.00007, 0.0000,21,7.4e+06,D,,
Ar,2,4537.6409,0.0010,4537.6423,0.0003,-0.0014,13,,,,
Ar,2,4538.7102,0.0004,4538.71052,0.00013,-0.0003,4,,,,
Ar,2,4543.8702,0.0012,4543.86908,0.00005,0.0011,10,,,,
Ar,1,,,4544.746,,,,8.3e+04,E,,
Ar,2,4545.0516,0.0001,4545.05166,0.00007,-0.00006,1738,4.71e+07,B,,
Ar,2,4547.7582,0.0008,4547.75828,0.00007,-0.0001,20,7.7e+06,D,,
Ar,1,,,4554.324,,,,3.8e+04,E,,
Ar,2,4561.0124,0.0012,4561.01276,0.00017,-0.0004,7,,,,
Ar,2,4563.7423,0.0006,4563.7427,0.0003,-0.0004,37bl,,,,
Ar,2,4564.4055,0.0004,4564.40540,0.00009,0.0001,42,2.9e+07,D,,
Ar,2,4572.894,0.008,4572.89124,0.00007,0.003,2,,,,
Ar,2,4579.3493,0.0001,4579.34934,0.00007,-0.00004,871,8.0e+07,B,,
Ar,1,,,4584.956,,,,1.6e+05,E,,
Ar,1,,,4586.611,,,,2.3e+05,E,,
Ar,1,,,4587.209,,,,4.9e+05,E,,
Ar,2,4587.895,0.008,4587.89089,0.00009,0.004,3,3.e+05,C,,
Ar,1,,,4589.2893,,,,6.2e+03,C,,
Ar,2,4589.8976,0.0001,4589.89759,0.00007,0.00001,25704,6.64e+07,A,,
Ar,2,4593.4476,0.0004,4593.4483,0.0003,-0.0007,4,,,,
Ar,1,4596.097,,4596.0966,,0.000,15,9.5e+04,B,,
Ar,2,4598.7625,0.0001,4598.76258,0.00007,-0.00008,182,6.7e+06,B,,
Ar,2,4600.02,0.02,4600.01880,0.00009,0.001,1h,,,,
Ar,2,4609.5669,0.0001,4609.56692,0.00007,-0.00002,2291,7.89e+07,A,,
Ar,2,4611.2432,0.0016,4611.2444,0.0003,-0.0012,9,,,,
Ar,2,4614.10,0.02,4614.1106,0.0004,-0.011,1h,,,,
Ar,1,4628.441,,4628.4409,,0.000,7,3.83e+04,B+,,
Ar,2,4637.2324,0.0001,4637.23239,0.00007,0.00001,148,7.1e+06,A,,
Ar,1,,,4642.137,,,,9.6e+04,E,,
Ar,1,,,4647.489,,,,1.2e+05,E,,
Ar,2,4657.9009,0.0001,4657.90090,0.00007, 0.00000,1445,8.92e+07,B,,
Ar,2,4666.260,0.008,4666.26360,0.00020,-0.004,1,,,,
Ar,2,4681.4971,0.0004,4681.49686,0.00007,0.0002,5,,,,
Ar,2,4682.2759,0.0004,4682.27587,0.00007,0.0000,21,8.e+05,C+,,
Ar,1,4702.316,,4702.3164,, 0.000,15,1.09e+05,B,,
Ar,2,4703.3576,0.0008,4703.3571,0.0004,0.0005,15,,,,
Ar,2,4710.8230,0.0004,4710.82366,0.00007,-0.0007,14,5.e+05,C+,,
Ar,2,4721.5913,0.0005,4721.59064,0.00009,0.0007,32,1.5e+07,D,,
Ar,2,4726.8681,0.0001,4726.86807,0.00007,0.00003,23442,5.88e+07,A,,
Ar,2,4730.672,0.002,4730.67157,0.00007,0.0004,7,,,,
Ar,2,4732.0530,0.0001,4732.05302,0.00007,-0.00002,200,6.7e+06,B,,
Ar,2,4735.9055,0.0001,4735.90548,0.00009,0.00002,1000,5.80e+07,A,,
Ar,2,4743.19,0.02,4743.195,0.005,-0.005,0?,,,,
Ar,1,,,4746.821,,,,3.6e+05,E,,
Ar,1,,,4752.9388,,,,4.5e+05,E,,
Ar,2,4757.2197,0.0005,4757.21993,0.00009,-0.0002,5,,,,
Ar,2,4764.8644,0.0001,4764.86444,0.00007,-0.00004,2344,6.4e+07,B,,
Ar,1,,,4768.6729,,,,8.6e+05,D,,
Ar,2,4786.150,0.002,4786.1483,0.0004,0.0017,6,,,,
Ar,2,4792.0818,0.0006,4792.08185,0.00019,-0.0001,17,,,,
Ar,2,4792.59,0.02,4792.590,0.021,0.00,0h,,,,
Ar,2,4793.71,0.02,4793.711,0.021, 0.00,0h,,,,
Ar,1,,,4798.742,,,,8.8e+04,E,,
Ar,2,4806.0202,0.0001,4806.02014,0.00010,0.00006,1820,7.80e+07,A,,
Ar,1,,,4835.970,,,,9.3e+04,E,,
Ar,1,,,4836.697,,,,1.02e+05,C,,
Ar,2,4841.20,0.02,4841.197,0.007,0.003,0.5?,,,,
Ar,2,4847.8095,0.0001,4847.80955,0.00007,-0.00005,832,8.49e+07,B,,
Ar,2,4847.9991,0.0011,4847.9977,0.0004,0.0014,9,,,,
Ar,2,4856.156,0.008,4856.1557,0.0004,0.000,1,,,,
Ar,2,4865.9109,0.0002,4865.91056,0.00010,0.00034,83,1.5e+07,D,,
Ar,2,4867.5554,0.0006,4867.5560,0.0003,-0.0006,17,,,,
Ar,1,,,4876.2607,,,,7.8e+05,D,,
Ar,2,4877.120,0.005,4877.1202,0.0005, 0.000,4,,,,
Ar,2,4879.8634,0.0001,4879.86345,0.00008,-0.00005,2239,8.23e+07,A,,
Ar,2,4882.2424,0.0007,4882.2431,0.0005,-0.0007,21,,,,
Ar,1,,,4886.290,,,,1.2e+05,E,,
Ar,1,,,4887.9471,,,,1.3e+06,D,,
Ar,2,4888.2605,0.0015,4888.2611,0.0004,-0.0006,8,,,,
Ar,2,4889.0419,0.0001,4889.04194,0.00008,-0.00004,288,1.9e+07,C,,
Ar,1,,,4894.6909,,,,1.8e+06,D,,
Ar,2,4904.7514,0.0001,4904.75143,0.00008,-0.00003,107,3.7e+06,B+,,
Ar,2,4914.3151,0.0019,4914.31459,0.00015,0.0005,7,,,,
Ar,1,,,4921.034,,,,5.9e+04,E,,
Ar,2,4933.2089,0.0001,4933.20891,0.00005,-0.00001,251,1.44e+07,A,,
Ar,2,4936.083,0.008,4936.08555,0.00008,-0.003,3,7.e+05,C+,,
Ar,1,,,4937.720,,,,3.6e+04,E,,
Ar,2,4942.9210,0.0006,4942.9215,0.0003,-0.0005,19,,,,
Ar,2,4949.3999,0.0015,4949.39807,0.00020,0.0018,6,,,,
Ar,2,4952.924,0.008,4952.92311,0.00010,0.001,2,6.e+05,D,,
Ar,2,4955.1096,0.0017,4955.1112,0.0005,-0.0016,8,,,,
Ar,1,,,4956.750,,,,1.8e+05,E,,
Ar,2,4959.478,0.008,4959.48667,0.00020,-0.009,1,,,,
Ar,2,4965.0794,0.0001,4965.07942,0.00008,-0.00002,891,3.94e+07,A,,
Ar,2,4972.1599,0.0001,4972.15984,0.00010,0.00006,100,9.7e+06,B+,,
Ar,2,4980.025,0.008,4980.03313,0.00010,-0.008,0.5,,,,
Ar,1,,,4989.943,,,,1.1e+05,E,,
Ar,2,4990.72,0.02,4990.73652,0.00008,-0.017,0.5?,,,,
Ar,2,4993.45,0.02,4993.45575,0.00015,-0.006,0.5,,,,
Ar,2,4993.746,0.008,4993.7552,0.0004,-0.009,2,,,,
Ar,2,4996.782,0.008,4996.79301,0.00018,-0.011,2,,,,
Ar,2,5009.3342,0.0001,5009.33420,0.00006,0.00000,355,1.51e+07,B,,
Ar,2,5014.92,0.02,5014.932,0.004,-0.012,1h,,,,
Ar,2,5017.1626,0.0001,5017.16264,0.00008,-0.00004,7413,2.07e+07,B,,
Ar,2,5017.6337,0.0007,5017.63384,0.00010,-0.0001,14,1.1e+06,B,,
Ar,2,5024.778,0.008,5024.7938,0.0005,-0.016,1,,,,
Ar,2,5030.700,0.008,5030.6820,0.0010,0.018,1h,,,,
Ar,1,,,5032.024,,,,8.2e+04,E,,
Ar,2,5034.40,0.02,5034.40128,0.00015,-0.001,0.5,,,,
Ar,2,5037.77,0.04,5037.77036,0.00015, 0.00,0.5bl,,,,
Ar,2,5042.416,0.008,5042.41985,0.00010,-0.004,1,,,,
Ar,2,5045.11,0.04,5045.10468,0.00010,0.01,0.5wl,,,,
Ar,1,,,5048.811,,,,4.6e+05,D,,
Ar,1,,,5054.176,,,,4.5e+05,D,,
Ar,1,,,5056.529,,,,5.7e+05,D,,
Ar,1,,,5060.079,,,,3.7e+05,E,,
Ar,2,5062.0370,0.0001,5062.03703,0.00011,-0.00003,398,2.23e+07,B,,
Ar,1,,,5070.977,,,,2.6e+05,E,,
Ar,1,,,5073.076,,,,5.9e+04,D,,
Ar,1,,,5078.033,,,,4.7e+04,E,,
Ar,1,,,5087.084,,,,1.6e+05,E,,
Ar,2,5087.64,0.02,5087.63614,0.00011,0.004,0.5,,,,
Ar,2,5090.4948,0.0003,5090.4949,0.0003,-0.0001,45,,,,
Ar,2,5092.174,0.008,5092.18711,0.00023,-0.013,1,,,,
Ar,2,5095.845,0.008,5095.8581,0.0005,-0.013,2,,,,
Ar,2,5096.851,0.008,5096.8595,0.0005,-0.008,1,,,,
Ar,2,5100.45,0.02,5100.44206,0.00011,0.008,0.5,,,,
Ar,1,,,5104.729,,,,8.7e+04,E,,
Ar,1,,,5118.202,,,,2.7e+05,D+,,
Ar,2,5121.4804,0.0005,5121.4805,0.0006,-0.0001,5,,,,
Ar,2,5122.59,0.02,5122.59683,0.00008,-0.007,0.5*,,,,
Ar,2,5122.59,0.02,5122.60827,0.00011,-0.018,0.5*,,,,
Ar,2,5122.972,0.008,5122.9809,0.0003,-0.009,2,,,,
Ar,2,5125.7663,0.0007,5125.7660,0.0004,0.0003,17,,,,
Ar,1,,,5127.801,,,,3.3e+04,D,,
Ar,2,5129.083,0.008,5129.0918,0.0004,-0.009,2,,,,
Ar,2,5131.106,0.008,5131.09604,0.00011,0.010,1,,,,
Ar,2,5132.145,0.008,5132.14532,0.00011, 0.000,2,,,,
Ar,2,5141.7826,0.0001,5141.78260,0.00008,0.00000,224,8.1e+06,A,,
Ar,2,5145.3080,0.0001,5145.30815,0.00008,-0.00015,162,1.06e+07,B,,
Ar,1,5151.391,,5151.391,,0.000,5,2.39e+06,C,,
Ar,1,,,5152.3031,,,,1.1e+05,D,,
Ar,2,5152.8606,0.0005,5152.8606,0.0005,0.0000,5,,,,
Ar,2,5159.505,0.008,5159.51240,0.00006,-0.007,1,,,,
Ar,2,5160.81,0.04,5160.82641,0.00011,-0.02,0bl,,,,
Ar,1,5162.285,,5162.2845,,0.000,15,1.90e+06,C,,
Ar,2,5162.7467,0.0009,5162.7463,0.0005,0.0004,14,,,,
Ar,2,5165.7727,0.0002,5165.77292,0.00022,-0.0002,48,,,,
Ar,2,5175.426,0.008,5175.41477,0.00011,0.011,2,,,,
Ar,2,5176.2290,0.0004,5176.22902,0.00008, 0.0000,26,1.7e+06,B,,
Ar,1,,,5177.536,,,,2.4e+05,D,,
Ar,2,5179.24,0.02,5179.26198,0.00008,-0.022,0h,,,,
Ar,2,5183.09,0.04,5183.08019,0.00019,0.01,1bl,,,,
Ar,1,5187.746,,5187.7464,, 0.000,20,1.38e+06,C,,
Ar,2,5191.3656,0.0009,5191.36565,0.00024,-0.0001,10,,,,
Ar,1,,,5192.733,,,,1.2e+04,D,,
Ar,1,,,5194.052,,,,7.8e+05,D,,
Ar,2,5202.193,0.002,5202.1929,0.0003,0.0001,5,,,,
Ar,2,5204.4432,0.0005,5204.44333,0.00016,-0.0001,7,,,,
Ar,1,,,5210.486,,,,1.1e+05,D,,
Ar,1,,,5214.774,,,,2.1e+05,D,,
Ar,2,5215.11,0.02,5215.09472,0.00011,0.015,0.5,1.6e+04,E,,
Ar,1,,,5216.300,,,,1.3e+05,D,,
Ar,2,5216.8140,0.0005,5216.81402,0.00017, 0.0000,28,,,,
Ar,2,5219.589,0.008,5219.59514,0.00017,-0.006,1,,,,
Ar,1,5221.271,,5221.270,,0.001,7,8.8e+05,D,,
Ar,2,5221.864,0.002,5221.8622,0.0004,0.0018,6,,,,
Ar,2,5230.5008,0.0019,5230.5025,0.0005,-0.0017,6,,,,
Ar,2,5230.75,0.02,5230.790,0.005,-0.040,0.5,,,,
Ar,2,5236.03,0.02,5236.01955,0.00009,0.010,1,,,,
Ar,2,5236.231,0.016,5236.23215,0.00022,-0.001,2bl,,,,
Ar,2,5236.853,0.008,5236.8634,0.0005,-0.010,1,,,,
Ar,2,5237.92,0.02,5237.9211,0.0005,-0.001,0,,,,
Ar,1,,,5241.093,,,,1.3e+05,D,,
Ar,2,5241.786,0.008,5241.78891,0.00025,-0.003,2,,,,
Ar,2,5245.09,0.02,5245.0676,0.0008,0.022,1,,,,
Ar,2,5245.3778,0.0016,5245.3780,0.0017,-0.0002,7,,,,
Ar,1,,,5246.198,,,,1.2e+05,E,,
Ar,2,5247.469,0.008,5247.472,0.003,-0.003,1,,,,
Ar,2,5247.986,0.008,5247.9866,0.0005,-0.001,3,,,,
Ar,1,,,5249.165,,,,7.9e+04,E,,
Ar,2,5249.5457,0.0009,5249.5456,0.0004,0.0001,11,,,,
Ar,2,5250.57,0.02,5250.56154,0.00022,0.008,0,,,,
Ar,2,5251.1051,0.0005,5251.1058,0.0009,-0.0007,12,,,,
Ar,2,5251.4029,0.0011,5251.4026,0.0011,0.0003,11,,,,
Ar,2,5252.138,0.008,5252.13571,0.00014,0.002,1,,,,
Ar,1,,,5252.787,,,,5.4e+05,D,,
Ar,1,,,5254.471,,,,3.6e+05,E,,
Ar,2,5255.39,0.02,5255.39665,0.00025,-0.007,0.5,,,,
Ar,2,5255.677,0.008,5255.66531,0.00011,0.012,1*,,,,
Ar,2,5255.677,0.008,5255.680,0.008,-0.003,1*,,,,
Ar,2,5255.677,0.008,5255.681,0.008,-0.004,1*,,,,
Ar,2,5256.5648,0.0010,5256.56363,0.00025,0.0012,8,,,,
Ar,2,5258.223,0.008,5258.249,0.006,-0.026,1,,,,
Ar,2,5259.174,0.008,5259.1803,0.0003,-0.006,1,,,,
Ar,2,5261.8987,0.0006,5261.8981,0.0008,0.0006,7,,,,
Ar,2,5264.305,0.008,5264.302,0.003,0.003,1,,,,
Ar,2,5264.7819,0.0007,5264.7824,0.0005,-0.0005,17,,,,
Ar,2,5267.1634,0.0008,5267.1651,0.0003,-0.0017,14,,,,
Ar,2,5267.958,0.008,5267.9597,0.0008,-0.002,3,,,,
Ar,2,5268.246,0.008,5268.2584,0.0011,-0.012,3,,,,
Ar,2,5269.761,0.003,5269.7569,0.0004,0.004,4,,,,
Ar,2,5273.580,0.008,5273.598,0.006,-0.018,1,,,,
Ar,2,5273.85,0.02,5273.8704,0.0005,-0.020,0.5,,,,
Ar,2,5281.6295,0.0005,5281.62946,0.00011,0.0000,21,,,,
Ar,2,5283.437,0.016,5283.45700,0.00011,-0.020,1bl,,,,
Ar,2,5285.438,0.008,5285.43022,0.00014,0.008,2,,,,
Ar,1,,,5286.069,,,,9.6e+04,E,,
Ar,2,5286.8866,0.0008,5286.88689,0.00011,-0.0003,18,2.e+05,C,,
Ar,2,5288.634,0.008,5288.63551,0.00012,-0.002,1,,,,
Ar,1,,,5290.015,,,,9.0e+04,E,,
Ar,2,5290.0551,0.0013,5290.0553,0.0014,-0.0002,9,,,,
Ar,2,5290.99,0.02,5291.006,0.008,-0.016,0.5p,,,,
Ar,2,5291.97,0.02,5291.94971,0.00023,0.020,0.5,,,,
Ar,2,5293.8157,0.0018,5293.8155,0.0017,0.0002,6,,,,
Ar,2,5295.892,0.008,5295.911,0.006,-0.019,3,,,,
Ar,2,5296.3883,0.0018,5296.3885,0.0014,-0.0002,7,,,,
Ar,2,5296.791,0.02,5296.7949,0.0008,-0.004,3,,,,
Ar,2,5298.001,0.014,5297.99994,0.00023,0.001,2,,,,
Ar,2,5299.0805,0.0006,5299.08241,0.00023,-0.0019,5,,,,
Ar,2,5299.48,0.02,5299.4925,0.0005,-0.013,0,,,,
Ar,2,5300.7745,0.0011,5300.7752,0.0008,-0.0007,8,,,,
Ar,2,5302.56,0.02,5302.56944,0.00023,-0.009,0,,,,
Ar,2,5305.6856,0.0009,5305.682,0.003,0.003,15*,,,,
Ar,2,5305.6856,0.0009,5305.6880,0.0003,-0.0024,15*,,,,
Ar,2,5308.074,0.008,5308.0709,0.0003,0.003,5,,,,
Ar,1,,,5309.513,,,,1.2e+05,E,,
Ar,2,5311.9816,0.0020,5311.9817,0.0020,-0.0001,5,,,,
Ar,2,5312.078,0.003,5312.0779,0.0023,0.000,5,,,,
Ar,2,5314.258,0.008,5314.26101,0.00012,-0.003,2,,,,
Ar,2,5315.215,0.008,5315.2227,0.0023,-0.008,4bl,,,,
Ar,2,5316.11,0.02,5316.083,0.020,0.03,0*,,,,
Ar,2,5316.11,0.02,5316.106,0.008,0.004,0*,,,,
Ar,1,,,5317.715,,,,2.6e+05,E,,
Ar,2,5328.758,0.016,5328.74065,0.00020,0.017,1bl,,,,
Ar,2,5329.6992,0.0010,5329.6991,0.0011,0.0001,10,,,,
Ar,2,5330.664,0.008,5330.64535,0.00012,0.019,3blG,,,,
Ar,2,5331.042,0.002,5331.0417,0.0017,0.000,6,,,,
Ar,2,5332.70,0.02,5332.71548,0.00012,-0.015,0,,,,
Ar,2,5335.12,0.02,5335.10209,0.00017,0.018,0.5,,,,
Ar,2,5335.916,0.008,5335.9148,0.0017,0.001,1,,,,
Ar,2,5337.250,0.008,5337.2466,0.0011,0.003,1,,,,
Ar,2,5338.106,0.008,5338.10080,0.00015,0.005,1,,,,
Ar,2,5339.33,0.02,5339.3289,0.0003,0.001,1,,,,
Ar,2,5343.26,0.02,5343.2344,0.0003,0.026,0?,,,,
Ar,2,5344.5228,0.0018,5344.5231,0.0003,-0.0003,7,,,,
Ar,2,5345.609,0.008,5345.5966,0.0004,0.012,1,,,,
Ar,2,5348.2636,0.0010,5348.2634,0.0011,0.0002,13,,,,
Ar,2,5348.604,0.008,5348.60247,0.00023,0.002,2,,,,
Ar,2,5349.717,0.008,5349.70572,0.00023,0.011,2,,,,
Ar,2,5351.449,0.008,5351.433,0.011,0.016,4l,,,,
Ar,2,5354.82,0.02,5354.8342,0.0017,-0.014,1,,,,
Ar,2,5357.81,0.02,5357.7757,0.0004,0.034,1*,,,,
Ar,2,5357.81,0.02,5357.8369,0.0017,-0.027,1*,,,,
Ar,2,5357.81,0.02,5357.8495,0.0014,-0.040,1*,,,,
Ar,2,5358.3797,0.0009,5358.3790,0.0003,0.0007,14,,,,
Ar,2,5358.616,0.008,5358.62916,0.00012,-0.013,2,,,,
Ar,2,5359.0657,0.0006,5359.0671,0.0005,-0.0014,6,,,,
Ar,2,5364.142,0.008,5364.15428,0.00012,-0.012,1,,,,
Ar,2,5365.485,0.008,5365.48804,0.00012,-0.003,1,,,,
Ar,2,5372.007,0.008,5372.005,0.009,0.002,2,,,,
Ar,2,5372.33,0.02,5372.31557,0.00020,0.014,0,,,,
Ar,1,,,5373.494,,,,2.7e+05,D,,
Ar,2,5376.6347,0.0009,5376.6347,0.0009, 0.0000,12,,,,
Ar,2,5378.077,0.002,5378.07900,0.00023,-0.0020,7,,,,
Ar,2,5378.94,0.02,5378.91246,0.00018,0.028,0,,,,
Ar,2,5379.1666,0.0006,5379.1663,0.0005,0.0003,2,,,,
Ar,2,5382.330,0.008,5382.3376,0.0004,-0.008,2,,,,
Ar,2,5384.3742,0.0013,5384.3763,0.0003,-0.0021,8,,,,
Ar,2,5386.519,0.008,5386.52450,0.00012,-0.006,2,,,,
Ar,2,5391.22,0.02,5391.2310,0.0003,-0.011,0,,,,
Ar,2,5393.6015,0.0013,5393.60014,0.00023,0.0014,8,,,,
Ar,1,,,5393.979,,,,9.6e+04,D,,
Ar,2,5394.81,0.02,5394.85167,0.00012,-0.042,1,,,,
Ar,2,5397.5164,0.0003,5397.51766,0.00021,-0.0013,35,,,,
Ar,2,5400.62,0.02,5400.64103,0.00012,-0.021,1,,,,
Ar,2,5402.170,0.008,5402.17101,0.00012,-0.001,1,,,,
Ar,2,5402.6051,0.0007,5402.60594,0.00012,-0.0008,15,,,,
Ar,2,5407.3448,0.0004,5407.34497,0.00015,-0.0002,24,,,,
Ar,2,5409.401,0.008,5409.41250,0.00012,-0.011,1,,,,
Ar,1,,,5410.475,,,,2.0e+05,D,,
Ar,2,5411.646,0.008,5411.65623,0.00012,-0.010,3,,,,
Ar,2,5412.4465,0.0006,5412.4471,0.0003,-0.0006,6,,,,
Ar,2,5416.710,0.008,5416.72534,0.00012,-0.015,1,,,,
Ar,1,5421.352,,5421.351,,0.001,5,6.0e+05,D,,
Ar,2,5425.03,0.02,5425.0452,0.0005,-0.015,0,,,,
Ar,2,5432.94,0.02,5432.9494,0.0003,-0.009,1,,,,
Ar,2,5439.676,0.008,5439.67273,0.00021,0.003,3,,,,
Ar,1,,,5439.9888,,,,1.9e+05,D+,,
Ar,2,5440.524,0.008,5440.5443,0.0004,-0.020,1,,,,
Ar,2,5440.932,0.008,5440.94953,0.00015,-0.018,2,,,,
Ar,1,,,5442.246,,,,9.3e+04,D,,
Ar,2,5443.6893,0.0016,5443.69090,0.00024,-0.0016,7,,,,
Ar,2,5447.556,0.008,5447.56954,0.00012,-0.014,2,,,,
Ar,2,5451.11,0.02,5451.0654,0.0004,0.045,0.5,,,,
Ar,1,5451.652,,5451.6517,,0.000,10,4.7e+05,D+,,
Ar,2,5453.634,0.008,5453.5909,0.0004,0.043,5*,,,,
Ar,2,5453.634,0.008,5453.6485,0.0005,-0.015,5*,,,,
Ar,2,5454.3052,0.0013,5454.29787,0.00012,0.0073,11*,,,,
Ar,2,5454.3052,0.0013,5454.3091,0.0005,-0.0039,11*,,,,
Ar,2,5454.757,0.008,5454.78297,0.00018,-0.026,1,,,,
Ar,2,5456.382,0.008,5456.3726,0.0024,0.009,5,,,,
Ar,1,,,5457.416,,,,3.6e+05,D,,
Ar,1,,,5459.6506,,,,3.8e+04,D,,
Ar,2,5466.4338,0.0006,5466.43380,0.00012,0.0000,6,,,,
Ar,1,,,5467.160,,,,7.6e+04,D,,
Ar,2,5469.098,0.003,5469.09882,0.00012,-0.001,4,,,,
Ar,2,5470.307,0.008,5470.32233,0.00018,-0.015,2,,,,
Ar,2,5472.642,0.008,5472.63971,0.00012,0.002,1,,,,
Ar,1,,,5473.451,,,,2.0e+05,D,,
Ar,2,5476.12,0.02,5476.15070,0.00021,-0.031,0,,,,
Ar,2,5481.997,0.008,5481.99964,0.00012,-0.003,1,,,,
Ar,2,5484.311,0.008,5484.30572,0.00021,0.005,1,,,,
Ar,2,5486.102,0.008,5486.10354,0.00021,-0.002,1,,,,
Ar,1,,,5490.120,,,,8.5e+04,D,,
Ar,2,5490.667,0.008,5490.68191,0.00024,-0.015,1,,,,
Ar,1,,,5492.080,,,,5.6e+05,E,,
Ar,1,5495.874,,5495.873,,0.001,25,1.69e+06,C,,
Ar,2,5497.123,0.008,5497.12874,0.00024,-0.006,3,,,,
Ar,2,5498.1838,0.0019,5498.1844,0.0005,-0.0006,8,,,,
Ar,2,5498.972,0.016,5498.98471,0.00012,-0.013,2bl,,,,
Ar,2,5500.3323,0.0014,5500.3327,0.0003,-0.0004,10,,,,
Ar,2,5501.480,0.008,5501.4994,0.0003,-0.019,2l,,,,
Ar,2,5503.256,0.008,5503.2671,0.0003,-0.011,3,,,,
Ar,2,5504.13,0.008,5504.12582,0.00012,0.004,0,,,,
Ar,2,5504.45,0.008,5504.4351,0.0003,0.015,0,,,,
Ar,2,5504.917,0.008,5504.92048,0.00015,-0.003,3,,,,
Ar,1,5506.113,,5506.1121,,0.001,5,3.6e+05,D+,,
Ar,2,5507.762,0.002,5507.7641,0.0006,-0.0021,6,,,,
Ar,2,5513.303,0.008,5513.3050,0.0003,-0.002,1,,,,
Ar,2,5516.668,0.008,5516.68386,0.00012,-0.016,2,,,,
Ar,2,5519.337,0.008,5519.3427,0.0005,-0.006,4,,,,
Ar,2,5521.74,0.008,5521.76121,0.00013,-0.021,1,,,,
Ar,2,5523.690,0.008,5523.70621,0.00022,-0.016,2,,,,
Ar,1,,,5524.9567,,,,1.7e+05,D+,,
Ar,2,5525.856,0.008,5525.8839,0.0004,-0.028,2,,,,
Ar,1,,,5528.961,,,,1.2e+05,E,,
Ar,1,,,5534.479,,,,2.7e+05,D+,,
Ar,2,5534.96,0.008,5534.98992,0.00019,-0.030,0h,,,,
Ar,2,5535.51,0.008,5535.53408,0.00013,-0.024,1h,,,,
Ar,2,5537.290,0.008,5537.29354,0.00013,-0.004,5,,,,
Ar,1,,,5540.8596,,,,4.1e+04,D,,
Ar,2,5543.880,0.008,5543.90429,0.00022,-0.024,1,,,,
Ar,2,5545.0492,0.0019,5545.05090,0.00025,-0.0017,7,,,,
Ar,1,,,5552.741,,,,7.9e+04,E,,
Ar,2,5554.0227,0.0005,5554.0221,0.0003,0.0006,29,,,,
Ar,2,5554.146,0.002,5554.1448,0.0004,0.0012,9,,,,
Ar,1,5558.702,,5558.7018,,0.000,25,1.42e+06,C,,
Ar,1,,,5559.676,,,,2.2e+05,D+,,
Ar,2,5563.196,0.008,5563.223,0.004,-0.027,2,,,,
Ar,1,5572.541,,5572.5412,, 0.000,10,6.6e+05,C,,
Ar,1,,,5574.228,,,,4.6e+04,D,,
Ar,2,5577.6857,0.0013,5577.6854,0.0005,0.0003,9,,,,
Ar,2,5578.521,0.004,5578.5266,0.0012,-0.006,4,,,,
Ar,1,,,5581.8714,,,,5.6e+04,D+,,
Ar,2,5582.61,0.02,5582.6116,0.0012,-0.002,1,,,,
Ar,2,5588.10,0.008,5588.1021,0.0007,-0.002,0.5,,,,
Ar,1,,,5588.7196,,,,1.5e+05,D+,,
Ar,2,5592.200,0.008,5592.21055,0.00013,-0.011,1,,,,
Ar,2,5593.52,0.02,5593.525,0.009,-0.005,1,,,,
Ar,1,,,5597.476,,,,4.2e+05,E,,
Ar,2,5602.62,0.02,5602.65158,0.00010,-0.032,0.5,,,,
Ar,2,5603.9355,0.0006,5603.93621,0.00013,-0.0007,3,,,,
Ar,1,5606.733,,5606.7329,,0.000,35,2.20e+06,C,,
Ar,2,5609.5799,0.0006,5609.58055,0.00022,-0.0006,5,,,,
Ar,2,5611.667,0.008,5611.670,0.004,-0.003,2,,,,
Ar,2,5617.26,0.008,5617.261,0.006,-0.001,0,,,,
Ar,1,,,5618.014,,,,2.1e+05,D,,
Ar,1,,,5620.921,,,,3.6e+05,D,,
Ar,2,5621.51,0.008,5621.515,0.006,-0.005,0*,,,,
Ar,2,5621.51,0.008,5621.554,0.004,-0.044,0*,,,,
Ar,1,,,5623.770,,,,1.4e+05,D,,
Ar,2,5624.005,0.008,5624.0210,0.0003,-0.016,1,,,,
Ar,2,5625.6764,0.0013,5625.6783,0.0003,-0.0019,10,,,,
Ar,2,5631.1568,0.0011,5631.15698,0.00019,-0.0002,8,,,,
Ar,2,5631.381,0.008,5631.3984,0.0014,-0.017,1,,,,
Ar,2,5634.661,0.008,5634.65684,0.00013,0.004,2,,,,
Ar,1,,,5635.576,,,,9.6e+04,D,,
Ar,2,5635.8812,0.0006,5635.88127,0.00013,-0.0001,13,,,,
Ar,1,,,5637.34,,,,9.1e+04,D,,
Ar,1,,,5639.12,,,,2.1e+05,D,,
Ar,1,,,5641.376,,,,8.7e+04,D,,
Ar,2,5642.413,0.008,5642.42831,0.00016,-0.015,2,2.e+05,C,,
Ar,1,,,5648.687,,,,1.2e+05,D,,
Ar,1,5650.704,,5650.7040,,0.000,20,3.20e+06,C,,
Ar,2,5653.68,0.008,5653.6739,0.0003,0.006,0,,,,
Ar,2,5654.020,0.008,5654.0233,0.0005,-0.003,2,,,,
Ar,2,5654.4555,0.0014,5654.45722,0.00013,-0.0017,8,,,,
Ar,2,5655.236,0.008,5655.2562,0.0005,-0.020,2,,,,
Ar,1,,,5659.127,,,,2.6e+05,D,,
Ar,2,5667.29,0.008,5667.3051,0.0004,-0.015,0,,,,
Ar,2,5669.96,0.008,5669.99541,0.00016,-0.035,0,,,,
Ar,2,5672.9766,0.0019,5672.97723,0.00013,-0.0006,6,,,,
Ar,2,5681.480,0.008,5681.45510,0.00020,0.025,2*,,,,
Ar,2,5681.480,0.008,5681.5028,0.0003,-0.023,2*,,,,
Ar,1,,,5681.899,,,,2.0e+05,D,,
Ar,1,,,5683.730,,,,2.0e+05,D,,
Ar,2,5691.6630,0.0016,5691.6615,0.0005,0.0015,11,,,,
Ar,2,5693.30,0.008,5693.31570,0.00013,-0.016,0,,,,
Ar,1,,,5700.8724,,,,5.9e+05,D,,
Ar,2,5704.3766,0.0007,5704.3768,0.0003,-0.0002,5,,,,
Ar,2,5707.215,0.008,5707.22766,0.00017,-0.013,1,,,,
Ar,2,5708.616,0.008,5708.6269,0.0006,-0.011,1,,,,
Ar,2,5711.453,0.008,5711.4620,0.0003,-0.009,1,,,,
Ar,1,,,5712.504,,,,8.7e+04,D,,
Ar,2,5716.029,0.008,5716.03421,0.00020,-0.005,1,,,,
Ar,2,5724.325,0.008,5724.32524,0.00013, 0.000,5,4.e+05,C,,
Ar,2,5732.210,0.008,5732.21156,0.00013,-0.002,1,,,,
Ar,2,5732.694,0.008,5732.7038,0.0004,-0.010,1,,,,
Ar,1,5739.520,,5739.5195,,0.001,10,8.7e+05,D,,
Ar,2,5743.2756,0.0007,5743.27652,0.00014,-0.0009,4,,,,
Ar,2,5749.39,0.008,5749.39612,0.00014,-0.006,0,,,,
Ar,2,5753.54,0.008,5753.5512,0.0005,-0.011,1,,,,
Ar,2,5756.600,0.008,5756.5986,0.0005,0.001,3,,,,
Ar,2,5766.542,0.008,5766.4977,0.0007,0.044,2*,,,,
Ar,2,5766.542,0.008,5766.55457,0.00017,-0.013,2*,,,,
Ar,1,,,5772.1143,,,,2.0e+05,D,,
Ar,2,5772.3230,0.0019,5772.3212,0.0003,0.0018,9,,,,
Ar,2,5773.18,0.008,5773.17612,0.00024,0.004,0h,,,,
Ar,1,,,5774.008,,,,1.1e+05,D,,
Ar,2,5774.697,0.008,5774.7013,0.0005,-0.004,1,,,,
Ar,2,5776.374,0.008,5776.38169,0.00014,-0.008,2,,,,
Ar,2,5781.268,0.008,5781.2718,0.0003,-0.004,2,,,,
Ar,2,5782.35,0.02,5782.3472,0.0007,0.003,0.5,,,,
Ar,1,,,5783.5365,,,,8.1e+04,D,,
Ar,2,5786.561,0.008,5786.5558,0.0005,0.005,4bl,,,,
Ar,2,5788.58,0.02,5788.58306,0.00010,-0.003,0,,,,
Ar,1,,,5789.4741,,,,4.6e+04,D,,
Ar,1,,,5790.401,,,,3.4e+04,D,,
Ar,2,5799.7401,0.0007,5799.73981,0.00014,0.0003,3,,,,
Ar,2,5800.46,0.02,5800.4683,0.0004,-0.008,1,,,,
Ar,1,,,5802.0798,,,,4.2e+05,D,,
Ar,2,5807.596,0.008,5807.6126,0.0010,-0.017,1,,,,
Ar,2,5812.7604,0.0013,5812.75940,0.00024,0.0010,9,,,,
Ar,2,5813.56,0.02,5813.6054,0.0007,-0.045,0.5,,,,
Ar,2,5816.272,0.008,5816.29122,0.00011,-0.019,2,,,,
Ar,2,5822.1291,0.0007,5822.12902,0.00014,0.0001,5,,,,
Ar,2,5826.0549,0.0007,5826.05517,0.00024,-0.0003,3,,,,
Ar,2,5828.059,0.008,5828.0745,0.0006,-0.015,3,,,,
Ar,1,5834.263,,5834.2636,,-0.001,5,5.2e+05,C,,
Ar,2,5835.47,0.02,5835.49828,0.00014,-0.028,0,,,,
Ar,2,5838.96,0.02,5838.9753,0.0005,-0.015,1,,,,
Ar,2,5840.048,0.008,5840.0691,0.0003,-0.021,1,,,,
Ar,1,,,5843.779,,,,3.3e+04,D,,
Ar,2,5843.781,0.008,5843.77764,0.00011,0.003,7,3.8e+04,E,,
Ar,2,5846.11,0.02,5846.079,0.003,0.031,0.5p,,,,
Ar,2,5852.74,0.02,5852.77402,0.00021,-0.034,0,,,,
Ar,2,5853.10,0.02,5853.10884,0.00014,-0.009,2,,,,
Ar,2,5854.2728,0.0007,5854.26667,0.00014,0.0061,4,,,,
Ar,1,5860.310,,5860.3102,, 0.000,10,2.85e+05,C,,
Ar,2,5866.598,0.008,5866.6170,0.0004,-0.019,2,,,,
Ar,2,5870.443,0.008,5870.4528,0.0003,-0.010,4,,,,
Ar,1,5882.624,,5882.624,, 0.000,15,1.23e+06,C,,
Ar,2,5884.54,0.02,5884.53611,0.00014,0.004,0.5,,,,
Ar,2,5886.088,0.008,5886.0975,0.0003,-0.010,3,,,,
Ar,1,5888.584,,5888.5835,,0.000,25,1.29e+06,C,,
Ar,2,5894.16,0.02,5894.1748,0.0007,-0.015,0h*,,,,
Ar,2,5894.16,0.02,5894.2059,0.0007,-0.046,0h*,,,,
Ar,2,5901.78,0.02,5901.8008,0.0007,-0.021,0,,,,
Ar,2,5901.78,0.02,5901.8012,0.0007,-0.021,0,,,,
Ar,2,5904.291,0.02,5904.3078,0.0004,-0.017,2p?,,,,
Ar,2,5908.674,0.008,5908.67599,0.00014,-0.002,0.5,,,,
Ar,1,5912.085,,5912.0850,,0.000,50,1.05e+06,C,,
Ar,2,5915.49,0.02,5915.4796,0.0007,0.010,0,,,,
Ar,1,,,5916.598,,,,5.9e+04,D,,
Ar,2,5923.08,0.02,5923.0988,0.0007,-0.019,0*,,,,
Ar,2,5923.08,0.02,5923.0991,0.0007,-0.019,0*,,,,
Ar,2,5926.77,0.02,5926.74589,0.00018,0.024,0.5,,,,
Ar,1,,,5927.125,,,,3.7e+04,D+,,
Ar,1,5928.813,,5928.8125,,0.001,15,1.1e+06,D+,,
Ar,2,5935.792,0.008,5935.7980,0.0005,-0.006,2,,,,
Ar,2,5936.309,0.008,5936.301,0.011,0.008,1,,,,
Ar,2,5936.64,0.02,5936.64020,0.00014, 0.000,1,,,,
Ar,1,,,5940.855,,,,1.2e+05,D,,
Ar,2,5941.825,0.008,5941.8214,0.0005,0.004,4,,,,
Ar,1,5942.669,,5942.6682,,0.001,5,1.8e+05,D,,
Ar,1,,,5943.888,,,,3.6e+04,D,,
Ar,1,,,5949.259,,,,1.5e+05,D,,
Ar,2,5950.905,0.008,5950.90327,0.00011,0.002,6,7.e+04,E,,
Ar,2,5953.8303,0.0007,5953.8310,0.0003,-0.0007,5,,,,
Ar,2,5961.37,0.02,5961.38698,0.00015,-0.017,0,,,,
Ar,2,5962.744,0.008,5962.75754,0.00015,-0.014,0.5,,,,
Ar,1,,,5964.48,,,,7.7e+04,D,,
Ar,2,5965.031,0.008,5965.0404,0.0005,-0.009,3,,,,
Ar,1,,,5968.320,,,,1.8e+05,D,,
Ar,1,,,5971.601,,,,1.1e+06,D+,,
Ar,2,5973.314,0.008,5973.3180,0.0005,-0.004,2,,,,
Ar,2,5975.9622,0.0007,5975.9530,0.0008,0.0092,5,,,,
Ar,2,5977.995,0.008,5978.0013,0.0003,-0.006,4,,,,
Ar,1,,,5981.923,,,,1.2e+04,D,,
Ar,2,5984.454,0.008,5984.4534,0.0003,0.001,3,,,,
Ar,2,5985.912,0.014,5985.9137,0.0005,-0.002,1,,,,
Ar,1,5987.302,,5987.3013,,0.001,7,1.2e+05,D,,
Ar,1,,,5988.144,,,,6.1e+04,D,,
Ar,2,5988.288,0.008,5988.3075,0.0005,-0.019,3p?*,,,,
Ar,2,5988.288,0.008,5988.3153,0.0006,-0.027,3p?*,,,,
Ar,2,5989.339,0.008,5989.3377,0.0004,0.001,8,,,,
Ar,2,5991.46,0.02,5991.44912,0.00011,0.011,0.5,,,,
Ar,1,,,5994.692,,,,2.6e+04,D,,
Ar,1,5998.999,,5998.998,,0.001,5,1.4e+05,D,,
Ar,2,6003.170,0.008,6003.1857,0.0006,-0.016,1,,,,
Ar,1,,,6005.725,,,,1.4e+05,D+,,
Ar,1,,,6013.6772,,,,1.4e+05,D+,,
Ar,2,6019.493,0.008,6019.4965,0.0005,-0.004,4,,,,
Ar,1,6025.150,,6025.150,,0.000,5,9.0e+05,D+,,
Ar,2,6027.2513,0.0007,6027.2517,0.0003,-0.0004,7,,,,
Ar,2,6028.220,0.008,6028.23273,0.00015,-0.013,1,,,,
Ar,2,6030.844,0.008,6030.8278,0.0004,0.016,1l,,,,
Ar,1,6032.127,,6032.1270,, 0.000,70,2.46e+06,C,,
Ar,1,6043.223,,6043.2232,, 0.000,35,1.47e+06,C,,
Ar,2,6044.468,0.008,6044.4783,0.0009,-0.010,7,,,,
Ar,2,6046.8977,0.0007,6046.8967,0.0005,0.0010,10,,,,
Ar,2,6049.0750,0.0007,6049.0749,0.0003,0.0001,7,,,,
Ar,2,6050.01,0.02,6049.97388,0.00015,0.036,0.5h?*,,,,
Ar,2,6050.01,0.02,6050.00778,0.00015,0.002,0.5h*,,,,
Ar,1,6052.723,,6052.7226,,0.000,10,1.9e+05,D+,,
Ar,1,6059.372,,6059.3723,, 0.000,20,4.2e+05,C,,
Ar,1,,,6064.7502,,,,5.8e+04,D,,
Ar,2,6069.96,0.02,6069.97684,0.00015,-0.017,0,,,,
Ar,2,6077.431,0.008,6077.43032,0.00015,0.001,6,4.e+05,C,,
Ar,1,,,6081.244,,,,7.5e+04,D,,
Ar,2,6083.875,0.008,6083.8770,0.0003,-0.002,2,,,,
Ar,2,6084.507,0.008,6084.5152,0.0003,-0.008,2,,,,
Ar,1,,,6085.879,,,,9.0e+03,,,
Ar,1,,,6090.7849,,,,3.0e+05,D,,
Ar,1,6098.803,,6098.8031,, 0.000,7,5.2e+05,D+,,
Ar,1,,,6101.161,,,,3.3e+05,D+,,
Ar,2,6101.9192,0.0007,6101.9188,0.0005,0.0004,4,,,,
Ar,2,6102.765,0.008,6102.74973,0.00012,0.015,1,,,,
Ar,2,6103.5397,0.0005,6103.53914,0.00015,0.0006,26,1.7e+06,C,,
Ar,1,,,6104.590,,,,3.4e+05,D,,
Ar,1,6105.635,,6105.6348,,0.000,10,1.21e+06,C,,
Ar,2,6108.32,0.02,6108.3261,0.0006,-0.006,0?,,,,
Ar,2,6109.15,0.02,6109.1548,0.0006,-0.005,2p,,,,
Ar,2,6111.742,0.008,6111.744,0.003,-0.002,2,,,,
Ar,1,,,6113.4657,,,,4.7e+04,D+,,
Ar,2,6114.9232,0.0001,6114.92319,0.00015,0.00001,537,2.00e+07,B+,,
Ar,2,6118.724,0.008,6118.72214,0.00015,0.002,4,1.e+05,E,,
Ar,1,,,6119.6565,,,,5.1e+04,D+,,
Ar,2,6120.0936,0.0007,6120.09384,0.00019,-0.0002,6,,,,
Ar,1,,,6121.879,,,,1.3e+04,D,,
Ar,2,6123.3609,0.0006,6123.36163,0.00015,-0.0007,20,9.e+05,C+,,
Ar,2,6124.571,0.008,6124.5831,0.0006,-0.012,3,,,,
Ar,1,,,6127.4159,,,,1.1e+05,D+,,
Ar,1,,,6128.724,,,,8.6e+04,D,,
Ar,2,6134.83,0.02,6134.83796,0.00015,-0.008,0h?,,,,
Ar,2,6138.6551,0.0005,6138.65544,0.00015,-0.0003,28,1.2e+06,B,,
Ar,2,6142.615,0.008,6142.61098,0.00023,0.004,2,,,,
Ar,1,6145.441,,6145.4412,, 0.000,10,7.6e+05,C,,
Ar,2,6146.46,0.02,6146.48409,0.00015,-0.024,0,,,,
Ar,1,,,6155.2382,,,,5.1e+05,D,,
Ar,1,,,6165.1229,,,,9.89e+04,C,,
Ar,2,6166.7835,0.0008,6166.7821,0.0010,0.0014,4,,,,
Ar,2,6167.6273,0.0008,6167.6267,0.0010,0.0006,4,,,,
Ar,1,6170.174,,6170.1738,,0.000,7,5.0e+05,C,,
Ar,2,6172.2775,0.0001,6172.27751,0.00016,-0.00001,407,2.00e+07,A,,
Ar,1,6173.096,,6173.096,, 0.000,10,6.7e+05,C,,
Ar,2,6174.378,0.008,6174.4040,0.0007,-0.026,3,,,,
Ar,1,,,6179.4195,,,,6.6e+04,D,,
Ar,2,6183.024,0.008,6183.0237,0.0004,0.000,2,,,,
Ar,2,6187.1350,0.0008,6187.1348,0.0005,0.0002,9,,,,
Ar,2,6192.301,0.008,6192.2958,0.0006,0.005,2,,,,
Ar,2,6201.1002,0.0008,6201.0994,0.0007,0.0008,9,,,,
Ar,2,6206.463,0.008,6206.45824,0.00016,0.005,1,,,,
Ar,2,6208.935,0.008,6208.9316,0.0006,0.003,2,,,,
Ar,2,6210.420,0.008,6210.4183,0.0006,0.002,1,,,,
Ar,2,,,6212.24738,0.00011,,,2.1e+03,E,,
Ar,1,6212.503,,6212.503,,0.000,10,3.9e+05,D+,,
Ar,1,6215.938,,6215.9387,,-0.001,5,5.7e+05,D+,,
Ar,1,,,6230.921,,,,1.2e+04,D,,
Ar,2,6232.892,0.008,6232.8888,0.0003,0.003,2,,,,
Ar,2,6234.57,0.02,6234.5229,0.0003,0.047,1p,,,,
Ar,2,6239.7120,0.0008,6239.71198,0.00020,0.0000,8,2.e+05,D,,
Ar,2,6243.1199,0.0001,6243.11983,0.00016,0.00007,89,3.0e+06,B,,
Ar,1,,,6243.390,,,,1.3e+05,D,,
Ar,1,,,6244.7304,,,,2.0e+04,D,,
Ar,1,,,6248.4057,,,,6.8e+04,D,,
Ar,2,6249.975,0.008,6249.9859,0.0003,-0.011,1,,,,
Ar,2,6273.15,0.02,6273.1452,0.0006,0.005,0h,,,,
Ar,2,6277.425,0.008,6277.42657,0.00016,-0.002,2,,,,
Ar,1,,,6278.6454,,,,2.0e+04,D,,
Ar,2,6281.12,0.02,6281.13036,0.00020,-0.010,0,,,,
Ar,2,6282.823,0.008,6282.8252,0.0007,-0.002,1,,,,
Ar,2,6294.50,0.02,6294.4964,0.0008,0.004,0.5,,,,
Ar,2,6295.446,0.008,6295.4312,0.0008,0.015,2,,,,
Ar,1,6296.872,,6296.8726,,-0.001,7,9.0e+05,D+,,
Ar,1,6307.657,,6307.6569,,0.000,15,6.0e+05,D+,,
Ar,1,,,6309.1603,,,,7.6e+04,D,,
Ar,2,6315.40,0.02,6315.4070,0.0016,-0.007,1,,,,
Ar,2,6323.735,0.008,6323.7174,0.0012,0.018,3,,,,
Ar,2,6324.16,0.02,6324.1631,0.0016,-0.003,1p*,,,,
Ar,2,6324.16,0.02,6324.1887,0.0008,-0.029,1p*,,,,
Ar,2,6324.4151,0.0012,6324.4176,0.0005,-0.0025,12,,,,
Ar,2,6326.117,0.008,6326.117,0.008,0.000,2*,,,,
Ar,2,6326.117,0.008,6326.117,0.008, 0.000,2*,,,,
Ar,2,6328.474,0.008,6328.4661,0.0016,0.008,1,,,,
Ar,2,6332.499,0.008,6332.4966,0.0012,0.002,5,,,,
Ar,2,6332.832,0.008,6332.8495,0.0006,-0.017,1,,,,
Ar,2,6333.147,0.002,6333.1468,0.0006,0.0002,6,,,,
Ar,2,6337.13,0.02,6337.1341,0.0006,-0.004,0,,,,
Ar,2,6339.897,0.008,6339.8981,0.0008,-0.001,3,,,,
Ar,2,6348.2272,0.0019,6348.2281,0.0004,-0.0009,7,,,,
Ar,2,6348.601,0.008,6348.6248,0.0016,-0.024,2,,,,
Ar,2,6357.025,0.003,6357.0229,0.0012,0.002,7,,,,
Ar,2,6357.6776,0.0008,6357.6782,0.0006,-0.0006,8,,,,
Ar,1,,,6364.8937,,,,5.6e+05,D+,,
Ar,2,6365.440,0.008,6365.4546,0.0004,-0.015,1,,,,
Ar,2,6369.128,0.008,6369.1233,0.0006,0.005,2,,,,
Ar,1,6369.575,,6369.5748,,0.000,7,4.2e+05,D+,,
Ar,2,6373.19,0.02,6373.1859,0.0007,0.004,0,,,,
Ar,2,6375.945,0.008,6375.9543,0.0006,-0.009,3,,,,
Ar,2,6382.696,0.008,6382.6931,0.0003,0.003,3,,,,
Ar,2,6383.0967,0.0008,6383.0994,0.0017,-0.0027,5,,,,
Ar,1,6384.717,,6384.7167,,0.000,20,4.21e+05,C,,
Ar,2,6388.341,0.003,6388.3417,0.0009,-0.001,5,,,,
Ar,2,6391.117,0.008,6391.1273,0.0008,-0.010,2,,,,
Ar,2,6393.802,0.006,6393.8006,0.0006,0.001,7bl,,,,
Ar,2,6394.729,0.003,6394.7298,0.0009,-0.001,7,,,,
Ar,2,6396.6084,0.0016,6396.6112,0.0005,-0.0028,11,,,,
Ar,2,6397.184,0.008,6397.1951,0.0008,-0.011,2,,,,
Ar,2,6399.2085,0.0008,6399.20633,0.00017,0.0022,18,6.e+05,C,,
Ar,2,6403.0123,0.0015,6403.0137,0.0004,-0.0014,11,,,,
Ar,2,6408.909,0.004,6408.9048,0.0017,0.004,7,,,,
Ar,1,6416.307,,6416.3067,,0.000,70,1.16e+06,C,,
Ar,2,6417.417,0.008,6417.4436,0.0005,-0.027,1,,,,
Ar,2,6418.3696,0.0019,6418.3726,0.0007,-0.0030,10,,,,
Ar,2,6422.894,0.003,6422.8983,0.0009,-0.004,7,,,,
Ar,2,6424.144,0.008,6424.16486,0.00017,-0.021,1,,,,
Ar,1,,,6431.5549,,,,5.1e+04,D,,
Ar,2,6431.556,0.002,6431.55902,0.00013,-0.0030,6,,,,
Ar,2,6433.683,0.008,6433.70035,0.00017,-0.017,1,,,,
Ar,2,6437.6013,0.0011,6437.60043,0.00017,0.0009,11,2.e+05,E,,
Ar,2,6441.8981,0.0013,6441.9002,0.0004,-0.0021,12,,,,
Ar,2,6443.8591,0.0016,6443.8630,0.0004,-0.0039,12,,,,
Ar,2,6456.489,0.008,6456.5030,0.0005,-0.014,3,,,,
Ar,2,6457.71,0.02,6457.7246,0.0004,-0.015,0*,,,,
Ar,2,6457.71,0.02,6457.7445,0.0013,-0.035,0*,,,,
Ar,2,6458.403,0.008,6458.4207,0.0006,-0.018,2,,,,
Ar,1,,,6466.552,,,,1.5e+05,D,,
Ar,2,6468.047,0.002,6468.0495,0.0009,-0.0025,8,,,,
Ar,2,6472.428,0.004,6472.4304,0.0008,-0.002,6,,,,
Ar,2,6475.312,0.008,6475.3233,0.0005,-0.011,4,,,,
Ar,2,6480.085,0.008,6480.0885,0.0008,-0.004,2,,,,
Ar,1,,,6481.1450,,,,9.4e+04,D,,
Ar,2,6483.0825,0.0001,6483.08254,0.00017,-0.00004,120,1.06e+07,C+,,
Ar,2,6487.444,0.008,6487.4266,0.0006,0.017,1*,,,,
Ar,2,6487.444,0.008,6487.4712,0.0008,-0.027,1*,,,,
Ar,2,6489.85,0.02,6489.8852,0.0005,-0.035,0,,,,
Ar,1,,,6493.9688,,,,3.1e+04,D,,
Ar,2,6500.2151,0.0008,6500.21515,0.00017,-0.0001,5,3.e+05,C+,,
Ar,2,6501.3608,0.0008,6501.3587,0.0017,0.0021,6,,,,
Ar,2,6502.157,0.008,6502.1852,0.0008,-0.028,3,,,,
Ar,2,6506.138,0.008,6506.1444,0.0006,-0.006,3,,,,
Ar,2,6508.174,0.004,6508.1718,0.0007,0.002,6,,,,
Ar,2,6509.089,0.008,6509.10014,0.00021,-0.011,6,1.e+04,D,,
Ar,1,,,6513.8458,,,,5.4e+04,D,,
Ar,2,6532.927,0.008,6532.9440,0.0003,-0.017,2,,,,
Ar,2,6538.0451,0.0008,6538.0452,0.0004,-0.0001,20,,,,
Ar,1,6538.112,,6538.1117,,0.000,15,1.1e+05,D+,,
Ar,2,6540.409,0.008,6540.4307,0.0008,-0.022,2,,,,
Ar,2,6547.350,0.008,6547.3537,0.0004,-0.004,3,,,,
Ar,2,6551.498,0.008,6551.4996,0.0005,-0.002,3,,,,
Ar,2,6557.724,0.008,6557.7347,0.0006,-0.011,2,,,,
Ar,2,6564.170,0.008,6564.1928,0.0004,-0.023,3p,,,,
Ar,1,,,6596.1134,,,,2.3e+04,D,,
Ar,1,,,6598.6776,,,,3.6e+04,D,,
Ar,1,,,6604.0114,,,,2.8e+05,D+,,
Ar,1,6604.853,,6604.8532,, 0.000,15,1.3e+04,D,,
Ar,2,6608.26,0.04,6608.2726,0.0010,-0.01,1bl?,,,,
Ar,2,6611.196,0.008,6611.1965,0.0004,-0.001,2,,,,
Ar,2,6614.349,0.004,6614.3470,0.0008,0.002,6,,,,
Ar,2,6620.965,0.002,6620.9672,0.0007,-0.0022,8,,,,
Ar,2,6623.15,0.02,6623.13378,0.00018,0.016,0,,,,
Ar,1,,,6632.0841,,,,5.3e+04,D,,
Ar,2,6636.20,0.02,6636.1923,0.0006,0.008,0h,,,,
Ar,2,6638.2202,0.0001,6638.22027,0.00018,-0.00007,151,1.37e+07,A,,
Ar,2,6639.7403,0.0002,6639.7402,0.0003,0.0001,93,1.69e+07,A,,
Ar,2,6643.6973,0.0001,6643.69734,0.00018,-0.00004,269,1.47e+07,B,,
Ar,2,6653.583,0.008,6653.6015,0.0009,-0.018,1,,,,
Ar,1,,,6656.938,,,,3.1e+04,D,,
Ar,2,6657.499,0.016,6657.5001,0.0007,-0.001,2bl,,,,
Ar,1,6660.676,,6660.677,,-0.001,5,7.8e+05,D,,
Ar,1,6664.051,,6664.0506,,0.000,5,1.5e+05,D+,,
Ar,2,6666.3587,0.0001,6666.35878,0.00018,-0.00008,117,8.8e+06,B,,
Ar,1,6677.282,,6677.2811,,0.001,100,2.36e+05,B,,
Ar,2,6684.2924,0.0001,6684.29254,0.00018,-0.00014,204,1.07e+07,B+,,
Ar,1,,,6684.7883,,,,3.9e+04,D,,
Ar,2,6695.71,0.02,6695.709,0.005,0.001,0.5,,,,
Ar,2,6696.296,0.008,6696.2931,0.0006,0.003,4,,,,
Ar,1,,,6698.4708,,,,2.5e+04,D,,
Ar,1,,,6698.8740,,,,1.6e+05,D+,,
Ar,1,,,6719.2185,,,,2.4e+05,D,,
Ar,1,,,6722.8901,,,,3.2e+04,D,,
Ar,1,6752.834,,6752.8335,,0.000,150,1.93e+06,C,,
Ar,1,,,6754.3724,,,,2.1e+05,D,,
Ar,1,6756.163,,6756.1630,,0.000,5,3.6e+05,D+,,
Ar,2,6756.5522,0.0005,6756.5524,0.0003,-0.0002,32,2.0e+06,B,,
Ar,1,6766.612,,6766.6113,,0.001,15,4.0e+05,D+,,
Ar,1,,,6779.9259,,,,1.21e+05,C,,
Ar,2,6799.288,0.008,6799.2910,0.0007,-0.003,3,,,,
Ar,2,6808.5312,0.0009,6808.53130,0.00019,-0.0001,15,7.e+05,C,,
Ar,1,,,6818.2888,,,,2.0e+05,D,,
Ar,2,6818.371,0.008,6818.3842,0.0004,-0.013,8,,,,
Ar,1,,,6827.2488,,,,2.4e+05,D,,
Ar,2,6832.91,0.02,6832.8970,0.0007,0.013,0,,,,
Ar,2,6839.584,0.008,6839.5883,0.0008,-0.004,4,,,,
Ar,2,6846.540,0.008,6846.5500,0.0005,-0.010,1,,,,
Ar,1,,,6851.8842,,,,6.7e+04,D,,
Ar,2,6856.06,0.02,6856.0748,0.0008,-0.015,0.5h,,,,
Ar,2,6861.2689,0.0001,6861.26880,0.00019,0.00010,112,2.4e+06,C,,
Ar,2,6863.5347,0.0004,6863.53469,0.00019,0.0000,35,2.5e+06,B,,
Ar,2,6869.25,0.02,6869.2354,0.0010,0.015,0.5h?,,,,
Ar,1,6871.289,,6871.2889,,0.000,150,2.78e+06,C,,
Ar,2,6875.55,0.02,6875.5674,0.0019,-0.017,0.5h,,,,
Ar,1,6879.582,,6879.5825,,-0.001,5,1.8e+05,D+,,
Ar,2,6886.6118,0.0007,6886.61208,0.00019,-0.0003,26,9.e+05,B,,
Ar,1,,,6887.0882,,,,1.3e+05,D+,,
Ar,1,6888.174,,6888.1743,, 0.000,10,2.5e+05,D+,,
Ar,2,6892.62,0.02,6892.6412,0.0006,-0.021,0h,,,,
Ar,2,6900.880,0.008,6900.8830,0.0004,-0.003,2,,,,
Ar,2,6904.46,0.02,6904.476,0.006,-0.016,0.5,,,,
Ar,2,6911.76,0.02,6911.7717,0.0004,-0.012,0,,,,
Ar,1,,,6925.0094,,,,1.2e+05,D+,,
Ar,1,6937.664,,6937.664,, 0.000,50,3.08e+06,C,,
Ar,1,6951.478,,6951.4774,,0.001,7,2.2e+05,D,,
Ar,1,6960.250,,6960.2498,,0.000,7,2.4e+05,D,,
Ar,1,6965.431,,6965.4300,,0.001,10000,6.4e+06,B+,,
Ar,2,6985.708,0.008,6985.7060,0.0010,0.002,1,,,,
Ar,2,6990.122,0.008,6990.11248,0.00025,0.010,5,2.e+05,C+,,
Ar,1,,,6992.2122,,,,7.5e+05,D+,,
Ar,2,7001.44,0.02,7001.4636,0.0010,-0.024,0.5,,,,
Ar,1,7030.251,,7030.2507,,0.000,150,2.67e+06,C,,
Ar,2,7050.69,0.02,7050.6759,0.0004,0.014,0.5,,,,
Ar,2,7054.993,0.008,7054.9868,0.0007,0.006,3,,,,
Ar,1,7067.218,,7067.2175,,0.001,10000,3.8e+06,B,,
Ar,1,7068.736,,7068.7354,,0.001,100,2.0e+06,D+,,
Ar,2,7077.024,0.008,7077.02344,0.00020,0.001,5,1.e+05,C+,,
Ar,1,,,7086.7047,,,,1.5e+05,D+,,
Ar,2,7090.560,0.008,7090.5684,0.0008,-0.008,1,,,,
Ar,2,7101.190,0.008,7101.197,0.006,-0.007,1,,,,
Ar,2,7103.11,0.02,7103.142,0.006,-0.032,0.5,,,,
Ar,1,7107.478,,7107.4772,,0.001,25,4.5e+05,D+,,
Ar,2,7121.737,0.003,7121.73658,0.00021,0.000,6,5.e+05,E,,
Ar,1,7125.820,,7125.8201,, 0.000,25,6.0e+05,D+,,
Ar,1,7147.042,,7147.0410,,0.001,1000,6.3e+05,B,,
Ar,1,7158.839,,7158.839,,0.000,15,2.1e+06,D+,,
Ar,1,,,7162.5567,,,,5.8e+04,D,,
Ar,2,7182.098,0.008,7182.1037,0.0010,-0.006,2,,,,
Ar,2,7187.15,0.02,7187.1507,0.0010,-0.001,0,,,,
Hg,2,3004.385,0.004,3004.3863,0.0022,-0.001,300h,6.0e+07,,,
Hg,2,3004.863,0.004,3004.8640,0.0010,-0.001,100,6.3e+05,,,
Hg,2,3006.507,0.004,3006.5033,0.0011,0.004,2000,9.5e+06,,,
Hg,2,3011.162,0.004,3011.1621,0.0017, 0.000,300,1.0e+07,,,
Hg,1,3021.504,0.001,3021.5041,0.0010,-0.0001,1200,5.1e+07,B+,,
Hg,1,3023.471,0.002,3023.4748,0.0006,-0.0038,300,9.4e+06,B,,
Hg,1,3025.606,0.006,3025.6150,0.0017,-0.009,30,,,,
Hg,1,3027.490,0.002,3027.4888,0.0006,0.0012,60,1.98e+06,C+,,
Hg,2,3034.916,0.004,3034.9148,0.0015,0.001,2000,4.2e+07,,,
Hg,2,3044.610,0.004,3044.6113,0.0012,-0.001,25p,9.2e+03,,,
Hg,2,3045.161,0.004,3045.1583,0.0015,0.003,30w,1.9e+05,,,
Hg,2,3045.161,0.004,3045.1585,0.0016,0.002,30w,6.9e+03,,,
Hg,2,3048.503,0.004,3048.4940,0.0016,0.009,25,2.4e+05,,,
Hg,2,3055.765,0.004,3055.7647,0.0010,0.000,60,1.8e+06,,,
Hg,2,3064.529,0.004,3064.528,0.003,0.001,800,6.0e+06,,,
Hg,2,3067.684,0.004,3067.6895,0.0018,-0.006,480,8.0e+06,,,
Hg,2,3069.177,0.004,,,,40,,,,
Hg,2,3070.478,0.004,,,,35,,,,
Hg,2,3087.549,0.004,,,,1100c,,,,
Hg,2,3102.668,0.004,,,,150,,,,
Hg,2,3116.195,0.004,3116.1988,0.0006,-0.004,15000,8.8e+06,,,
Hg,1,3125.674,0.001,3125.6732,0.0005,0.0008,4000,6.6e+07,B+,,
Hg,1,3131.555,0.001,3131.5547,0.0006,0.0003,3000,,,,
Hg,1,3131.844,0.001,3131.8443,0.0005,-0.0003,4000,,,,
Hg,2,3139.679,0.004,,,,30,,,,
Hg,2,3172.116,0.003,3172.1148,0.0025,0.001,40h,1.2e+05,,,
Hg,2,3187.744,0.004,,,,70h,,,,
Hg,2,3191.019,0.003,3191.0225,0.0009,-0.003,7500,1.5e+07,,,
Hg,2,3191.591,0.003,,,,35,,,,
Hg,2,3201.385,0.003,3201.3868,0.0008,-0.002,2500,1.0e+07,,,
Hg,2,3207.709,0.003,,,,500,,,,
Hg,2,3208.169,0.003,3208.1713,0.0015,-0.002,120000,8.2e+07,,,
Hg,2,3227.813,0.003,,,,150h,,,,
Hg,2,3252.076,0.003,3252.0733,0.0010,0.003,450,2.5e+06,,,
Hg,2,3252.916,0.003,,,,100,,,,
Hg,2,3256.018,0.003,,,,80h,,,,
Hg,2,3257.501,0.004,3257.4985,0.0018,0.002,900h,1.0e+07,,,
Hg,2,3261.552,0.011,3261.5627,0.0014,-0.011,3G,6.5e+04,,,
Hg,2,3264.039,0.004,3264.0340,0.0014,0.005,60000,2.3e+07,,,
Hg,2,3264.552,0.004,3264.5577,0.0013,-0.006,100l,1.4e+06,,,
Hg,2,3277.846,0.004,3277.8451,0.0019,0.001,10000,1.8e+07,,,
Hg,2,3278.104,0.004,3278.1030,0.0015,0.001,100h,4.8e+06,,,
Hg,2,3284.712,0.004,3284.7019,0.0016,0.010,10,1.0e+06,,,
Hg,2,3289.366,0.004,3289.3623,0.0023,0.004,300h,1.3e+04,,,
Hg,2,3317.279,0.004,3317.2809,0.0025,-0.002,700,5.5e+06,,,
Hg,2,3330.001,0.004,3330.0002,0.0023,0.001,150c,3.5e+04,,,
Hg,2,3335.226,0.004,,,,300,,,,
Hg,2,3338.424,0.004,3338.4240,0.0018,0.000,2000c,2.4e+06,,,
Hg,2,3338.709,0.004,,,,30,,,,
Hg,2,3338.964,0.004,3338.964,0.003,0.000,50,2.6e+04,,,
Hg,1,3341.484,0.001,3341.4834,0.0008,0.0006,700,1.68e+07,B+,,
Hg,2,3348.487,0.004,,,,80,,,,
Hg,2,3362.671,0.004,3362.6705,0.0020,0.001,10,5.5e+05,,,
Hg,1,3362.71,0.03,3362.71,0.03,0.00,,,,,
Hg,1,3368.15,0.03,3368.15,0.03,0.00,,,,,
Hg,1,3371.73,0.03,3371.73,0.03, 0.00,,,,,
Hg,2,3373.333,0.004,,,,500,,,,
Hg,1,3374.93,0.03,3374.93,0.03, 0.00,,,,,
Hg,1,3379.44,0.03,3379.427,0.023,0.01,,,,,
Hg,1,3383.30,0.03,3383.293,0.023,0.01,,,,,
Hg,2,3385.103,0.004,3385.1067,0.0017,-0.004,2000c,1.5e+07,,,
Hg,1,3388.78,0.03,3388.821,0.023,-0.04,,,,,
Hg,1,3393.71,0.03,3393.688,0.023,0.02,,,,,
Hg,1,3400.68,0.03,3400.68,0.03, 0.00,,,,,
Hg,2,3401.389,0.004,,,,200,,,,
Hg,1,3406.99,0.03,3406.988,0.023,0.00,,,,,
Hg,1,3415.98,0.03,3415.976,0.023,0.00,,,,,
Hg,1,3424.26,0.03,3424.307,0.023,-0.05,,,,,
Hg,2,3424.789,0.004,,,,400,,,,
Hg,2,3427.310,0.004,,,,100,,,,
Hg,2,3429.584,0.004,3429.5843,0.0013, 0.000,1000c,3.5e+03,,,
Hg,1,3436.15,0.03,3436.15,0.04,0.00,,,,,
Hg,2,3436.917,0.004,3436.9129,0.0024,0.004,400c,1.1e+06,,,
Hg,1,3446.64,0.03,3446.656,0.024,-0.02,,,,,
Hg,1,3447.27,0.03,3447.262,0.020,0.01,,,,,
Hg,2,3451.689,0.004,3451.6871,0.0017,0.002,30000,1.8e+07,,,
Hg,2,3459.164,0.012,3459.1703,0.0011,-0.006,350G,1.5e+05,,,
Hg,1,3463.52,0.03,3463.505,0.024,0.01,,,,,
Hg,1,3478.04,0.03,3478.035,0.023,0.00,,,,,
Hg,1,3478.91,0.03,3478.899,0.023,0.01,,,,,
Hg,2,3484.872,0.004,3484.8719,0.0023,0.000,400s,6.0e+06,,,
Hg,2,3488.399,0.004,,,,150,,,,
Hg,2,3493.859,0.004,3493.860,0.003,-0.001,8000h,2.7e+07,,,
Hg,1,3502.00,0.03,3501.991,0.025,0.01,,,,,
Hg,2,3509.758,0.004,3509.7560,0.0024,0.002,100h,4.2e+04,,,
Hg,2,3510.625,0.004,3510.6214,0.0019,0.004,800h,4.8e+06,,,
Hg,2,3515.164,0.004,3515.1596,0.0019,0.004,200h,5.6e+05,,,
Hg,2,3515.164,0.004,3515.1600,0.0020,0.004,200h,2.0e+04,,,
Hg,1,3523.02,0.03,3523.009,0.021,0.01,,,,,
Hg,1,3524.27,0.03,3524.213,0.021,0.06,,,,,
Hg,2,3532.594,0.004,3532.599,0.004,-0.005,100000,3.0e+07,,,
Hg,2,3541.352,0.004,3541.3494,0.0024,0.003,100h,3.0e+04,,,
Hg,1,3543.46,0.04,3543.352,0.020,0.11,60,,,,
Hg,2,3549.411,0.004,3549.4074,0.0013,0.004,30000,1.5e+07,,,
Hg,1,3558.73,0.03,3558.730,0.023, 0.00,,,,,
Hg,2,3562.385,0.004,,,,100,,,,
Hg,1,3591.01,0.03,3590.992,0.018,0.02,,,,,
Hg,1,3591.48,0.2,3591.53,0.03,-0.05,1,,,,
Hg,1,3592.74,0.03,3592.748,0.019,-0.01,,,,,
Hg,2,3602.931,0.004,3602.9286,0.0021,0.002,600c,9.8e+05,,,
Hg,2,3603.908,0.004,3603.903,0.004,0.005,1500,2.0e+06,,,
Hg,2,3604.085,0.004,3604.0843,0.0021,0.001,45000c,1.4e+07,,,
Hg,2,3605.762,0.002,3605.762,0.003,0.000,100000,3.0e+07,,,
Hg,2,3606.885,0.004,3606.8855,0.0010,-0.001,8000,5.7e+06,,,
Hg,2,3614.875,0.004,3614.8760,0.0012,-0.001,450,8.5e+05,,,
Hg,2,3632.363,0.004,3632.3594,0.0023,0.004,8000,3.5e+06,,,
Hg,2,3643.293,0.004,3643.2960,0.0020,-0.003,100h,1.2e+04,,,
Hg,2,3643.293,0.004,3643.3005,0.0020,-0.008,100h,3.4e+05,,,
Hg,1,3650.158,0.001,3650.1579,0.0009,0.0001,9000,1.29e+08,B+,,
Hg,1,3654.842,0.001,3654.8429,0.0007,-0.0009,3000,1.84e+07,B,,
Hg,1,3662.887,0.001,3662.8869,0.0008,0.0001,500,3.6e+06,C,,
Hg,1,3663.284,0.001,3663.2831,0.0007,0.0009,2000,,,,
Hg,1,3701.442,0.02,3701.448,0.016,-0.006,50,,,,
Hg,1,3702.36,0.10,3702.338,0.007,0.02,1,,,,
Hg,1,3704.1655,0.001,3704.1655,0.0010, 0.0000,9,,,,
Hg,2,3751.759,0.004,,,,100h,,,,
Hg,2,3776.141,0.003,3776.1416,0.0024,-0.001,6000h,2.6e+07,,,
Hg,2,3777.755,0.003,3777.757,0.003,-0.002,900,2.7e+06,,,
Hg,2,3789.727,0.004,3789.732,0.005,-0.005,5,7.5e+05,,,
Hg,1,3790.00,0.04,3790.01,0.03,-0.01,80,,,,
Hg,2,3797.326,0.003,3797.323,0.003,0.003,6000c,7.6e+05,,,
Hg,1,3801.6583,0.001,3801.6582,0.0010,0.0001,50,,,,
Hg,2,3806.312,0.003,3806.3154,0.0021,-0.003,50000,3.2e+07,,,
Hg,1,3815.8,0.2,3815.815,0.003,-0.01,1,,,,
Hg,1,3820.40,0.04,3820.37,0.03,0.03,50,,,,
Hg,2,3828.909,0.004,3828.9121,0.0025,-0.003,1000,1.5e+06,,,
Hg,2,3839.259,0.004,3839.255,0.003,0.004,10000,4.7e+06,,,
Hg,1,3860.85,0.04,3860.963,0.024,-0.11,30,,,,
Hg,2,3883.183,0.004,,,,200,,,,
Hg,1,3901.868,0.008,3901.870,0.005,-0.002,30,,,,
Hg,1,3903.638,0.02,3903.636,0.003,0.002,0.5,,,,
Hg,1,3906.371,0.008,3906.383,0.003,-0.012,40,,,,
Hg,2,3909.320,0.004,,,,400,,,,
Hg,2,3913.367,0.004,,,,75,,,,
Hg,2,3914.313,0.004,3914.3142,0.0025,-0.001,5000,3.7e+06,,,
Hg,2,3919.264,0.004,3919.257,0.004,0.007,500D,1.1e+07,,,
Hg,2,3940.369,0.016,3940.361,0.003,0.008,15G,1.9e+06,,,
Hg,2,3945.673,0.004,,,,30,,,,
Hg,2,3946.281,0.004,,,,75,,,,
Hg,2,3956.319,0.004,,,,60,,,,
Hg,2,3974.402,0.004,,,,500,,,,
Hg,1,3983.92,0.05,3983.96,0.03,-0.04,2,,,,
Hg,2,3983.9312,0.0003,3983.9312,0.0006,0.0000,10000000c,3.2e+06,,,
Hg,1,4025.95,0.08,4026.01,0.03,-0.06,4,,,,
Hg,2,4026.201,0.016,,,,15G,,,,
Hg,2,4040.457,0.010,4040.4621,0.0021,-0.005,4000c,9.0e+06,,,
Hg,2,4040.576,0.003,,,,500,,,,
Hg,1,4046.565,0.001,4046.5643,0.0008,0.0007,12000,2.07e+07,B,,
Hg,2,4047.740,0.004,4047.742,0.003,-0.002,50,3.0e+05,,,
Hg,1,4077.837,0.001,4077.8370,0.0008,0.0000,1000,4.0e+06,B,,
Hg,1,4108.054,0.008,4108.054,0.007, 0.000,70,2.2e+06,D,,
Hg,2,4120.440,0.004,4120.447,0.003,-0.007,4000,1.2e+07,,,
Hg,1,4140.0,0.2,4140.059,0.003,-0.06,0,,,,
Hg,2,4276.224,0.003,,,,100,,,,
Hg,2,4277.995,0.003,4277.987,0.004,0.008,100w,8.0e+06,,,
Hg,2,4337.097,0.004,4337.088,0.003,0.009,100c,4.0e+04,,,
Hg,2,4337.097,0.004,4337.094,0.003,0.003,100c,1.1e+06,,,
Hg,1,4339.2232,0.001,4339.2228,0.0009,0.0004,50,2.9e+06,C+,,
Hg,1,4343.634,0.02,4343.632,0.004,0.002,1.3,,,,
Hg,1,4347.4945,0.001,4347.4951,0.0009,-0.0006,150,8.4e+06,B,,
Hg,1,4358.335,0.001,4358.3363,0.0008,-0.0013,12000,5.6e+07,B,,
Hg,2,4382.549,0.004,4382.553,0.003,-0.004,300u,8.5e+04,,,
Hg,2,4398.617,0.003,4398.623,0.004,-0.006,40000,9.0e+06,,,
Hg,2,4404.854,0.006,4404.854,0.006, 0.000,2h,4.5e+06,,,
Hg,2,4425.220,0.004,4425.223,0.003,-0.003,3300h,1.3e+06,,,
Hg,2,4454.395,0.003,4454.390,0.004,0.005,200h,6.5e+06,,,
Hg,2,4455.486,0.003,4455.486,0.003,0.000,70h,2.1e+06,,,
Hg,2,4459.053,0.003,,,,150h,,,,
Hg,2,4463.878,0.004,4463.878,0.003,0.000,700c,8.0e+04,,,
Hg,2,4491.552,0.003,,,,2000,,,,
Hg,2,4492.831,0.003,4492.8309,0.0017,0.000,2800,7.5e+05,,,
Hg,2,4657.320,0.003,4657.316,0.003,0.004,60h,,,,
Hg,2,4660.219,0.004,4660.216,0.003,0.003,30000,1.0e+07,,,
Hg,1,4670.831,0.011,4670.831,0.011, 0.000,,,,,
Hg,1,4671.717,0.011,4671.717,0.011, 0.000,,,,,
Hg,1,4672.918,0.011,4672.920,0.013,-0.002,*,,,,
Hg,1,4672.918,0.011,4672.920,0.022,-0.002,*,,,,
Hg,1,4683.819,0.011,4683.821,0.011,-0.002,,,,,
Hg,1,4684.926,0.011,4684.925,0.011,0.001,,,,,
Hg,1,4686.386,0.011,4686.386,0.013,0.000,*,,,,
Hg,1,4686.386,0.011,4686.386,0.020,0.000,*,,,,
Hg,2,4686.563,0.003,4686.561,0.004,0.002,60s,7.7e+03,,,
Hg,1,4699.797,0.011,4699.796,0.011,0.001,,,,,
Hg,1,4701.171,0.011,4701.171,0.011, 0.000,,,,,
Hg,1,4703.011,0.011,4703.011,0.011, 0.000,,,,,
Hg,1,4703.051,0.011,4703.051,0.011,0.000,,,,,
Hg,2,4704.625,0.003,4704.625,0.003,0.000,300l,6.7e+06,,,
Hg,1,4719.742,0.011,4719.744,0.011,-0.002,,,,,
Hg,1,4721.512,0.011,4721.511,0.011,0.001,,,,,
Hg,1,4723.814,0.011,4723.814,0.011,0.000,,,,,
Hg,1,4723.919,0.011,4723.917,0.011,0.002,,,,,
Hg,2,4742.297,0.003,4742.296,0.004,0.001,300,,,,
Hg,1,4745.148,0.011,4745.146,0.011,0.002,,,,,
Hg,1,4747.458,0.011,4747.458,0.011,0.000,,,,,
Hg,1,4750.393,0.011,4750.393,0.011,0.000,,,,,
Hg,1,4750.560,0.011,4750.560,0.011,0.000,,,,,
Hg,2,4762.266,0.003,4762.271,0.005,-0.005,100h,2.8e+06,,,
Hg,1,4778.118,0.011,4778.117,0.011,0.001,,,,,
Hg,1,4781.274,0.011,4781.273,0.011,0.001,,,,,
Hg,1,4785.153,0.011,4785.155,0.011,-0.002,,,,,
Hg,1,4785.354,0.011,4785.354,0.011, 0.000,,,,,
Hg,1,4822.204,0.012,4822.206,0.012,-0.002,,,,,
Hg,2,4825.566,0.003,4825.564,0.004,0.002,17000,,,,
Hg,1,4826.594,0.012,4826.594,0.012, 0.000,,,,,
Hg,2,4827.732,0.003,4827.7261,0.0023,0.006,30w,4.8e+03,,,
Hg,1,4831.878,0.012,4831.878,0.012, 0.000,,,,,
Hg,1,4832.238,0.012,4832.238,0.012,0.000,,,,,
Hg,2,4855.584,0.004,4855.586,0.004,-0.002,16000h,2.2e+06,,,
Hg,2,4880.327,0.005,,,,4500c,,,,
Hg,1,4882.999,0.005,4883.001,0.003,-0.002,6,,,,
Hg,1,4889.489,0.012,4889.489,0.012, 0.000,,,,,
Hg,1,4896.914,0.012,4896.909,0.012,0.005,,,,,
Hg,1,4897.482,0.012,4897.482,0.012, 0.000,,,,,
Hg,1,4916.068,0.01,4916.045,0.005,0.023,20,5.8e+06,D+,,
Hg,2,4916.328,0.003,,,,100w,,,,
Hg,1,4960.1,0.1,4960.17,0.04,-0.07,100,,,,
Hg,2,4961.873,0.003,4961.888,0.004,-0.015,18000c,2.1e+05,,,
Hg,1,4970.370,0.005,4970.374,0.003,-0.004,6,,,,
Hg,2,4980.564,0.004,4980.567,0.005,-0.003,9500l,,,,
Hg,1,4980.640,0.005,4980.639,0.005,0.001,6,,,,
Hg,1,4991.601,0.012,4991.604,0.012,-0.003,,,,,
Hg,1,4992.593,0.012,4992.596,0.012,-0.003,,,,,
Hg,2,5017.279,0.003,,,,100,,,,
Hg,1,5025.6,0.2,5025.6307,0.0020,-0.03,3,2.67e+04,B,,
Hg,2,5025.607,0.003,,,,100,,,,
Hg,1,5045.8,0.2,5045.69,0.04,0.11,2,,,,
Hg,2,5066.493,0.005,5066.497,0.006,-0.004,1200,,,,
Hg,2,5098.559,0.003,5098.561,0.004,-0.002,60,,,,
Hg,2,5100.946,0.003,5100.945,0.004,0.001,100,,,,
Hg,1,5102.705,0.005,5102.704,0.003,0.001,30,,,,
Hg,1,5120.637,0.005,5120.637,0.005, 0.000,70,,,,
Hg,2,5128.442,0.003,5128.4538,0.0024,-0.012,120000c,2.5e+07,,,
Hg,1,5137.940,0.005,5137.942,0.005,-0.002,30,,,,
Hg,1,5139.926,0.013,5139.928,0.013,-0.002,,,,,
Hg,2,5146.289,0.003,5146.293,0.005,-0.004,15000,,,,
Hg,2,5162.357,0.008,5162.367,0.003,-0.010,25000c,1.7e+05,,,
Hg,2,5196.190,0.008,5196.1884,0.0023,0.002,18000c,4.2e+06,,,
Hg,2,5204.768,0.003,5204.768,0.004,0.000,150000,,,,
Hg,2,5205.868,0.003,5205.864,0.004,0.004,80h,,,,
Hg,2,5216.382,0.003,5216.379,0.004,0.003,40000,,,,
Hg,1,5218.9,0.2,5219.440,0.014,-0.54,2,,,,
Hg,2,5222.922,0.003,5222.922,0.004,0.000,500h,1.3e+07,,,
Hg,2,5242.173,0.003,5242.172,0.003,0.001,35w,9.0e+04,,,
Hg,2,5277.591,0.003,5277.593,0.004,-0.002,18000,,,,
Hg,2,5280.146,0.003,5280.148,0.004,-0.002,600h,,,,
Hg,1,5290.740,0.005,5290.738,0.004,0.002,30,,,,
Hg,2,5293.248,0.003,,,,200,,,,
Hg,2,5294.177,0.003,5294.177,0.004, 0.000,400h,9.2e+06,,,
Hg,2,5316.067,0.006,5316.069,0.005,-0.002,75c,1.5e+04,,,
Hg,1,5316.776,0.005,5316.776,0.003,0.000,6,,,,
Hg,1,5354.034,0.014,5354.036,0.014,-0.002,130,,,,
Hg,1,5365.5,0.1,5365.38,0.06,0.12,12,,,,
Hg,2,5372.373,0.003,5372.374,0.004,-0.001,40,,,,
Hg,1,5384.626,0.005,5384.627,0.005,-0.001,50,,,,
Hg,1,5388.810,0.005,5388.810,0.005, 0.000,,,,,
Hg,1,5393.468,0.005,5393.465,0.004,0.003,,,,,
Hg,1,5404.8,0.1,5404.83,0.06,-0.03,3,,,,
Hg,2,5425.253,0.003,5425.249,0.005,0.004,8000000,1.4e+08,,,
Hg,1,5460.750,0.001,5460.7498,0.0009,0.0002,6000,4.9e+07,B,,
Hg,2,5465.286,0.003,,,,250,,,,
Hg,1,5549.634,0.005,5549.636,0.004,-0.002,50,,,,
Hg,2,5595.268,0.005,5595.260,0.003,0.008,200000,8.8e+06,,,
Hg,1,5675.81,0.08,5675.88,0.04,-0.07,600,,,,
Hg,2,5677.105,0.003,5677.102,0.003,0.003,20000000E,1.8e+08,,,
Hg,2,5698.590,0.003,5698.593,0.004,-0.003,1500c,4.6e+06,,,
Hg,1,5769.610,0.001,5769.6095,0.0010,0.0005,1000,2.36e+07,B,,
Hg,1,5789.69,0.05,5789.6805,0.0023,0.01,30,6.e+05,D,,
Hg,1,5790.670,0.001,5790.6705,0.0010,-0.0005,900,3.1e+07,D,,
Hg,1,5803.782,0.005,5803.783,0.004,-0.001,400,,,,
Hg,1,5818.3,0.1,5818.32,0.07,-0.02,2,,,,
Hg,2,5851.758,0.004,5851.766,0.005,-0.008,1300c,8.0e+06,,,
Hg,1,5859.254,0.005,5859.254,0.005,0.000,130,,,,
Hg,2,5870.899,0.003,,,,80p,,,,
Hg,2,5871.279,0.003,5871.2779,0.0025,0.001,1200000,1.0e+08,,,
Hg,2,5871.572,0.003,,,,50u,,,,
Hg,2,5871.921,0.003,,,,600h,,,,
Hg,1,5871.975,0.005,5871.975,0.005,0.000,30,,,,
Hg,2,5888.939,0.003,5888.947,0.006,-0.008,2000000c,3.8e+07,,,
Hg,1,5890.2,0.1,5890.17,0.07,0.03,12,,,,
Hg,2,5918.496,0.003,5918.496,0.004, 0.000,10w,3.3e+06,,,
Hg,2,5947.680,0.003,5947.682,0.005,-0.002,150,4.5e+06,,,
Hg,2,5961.509,0.006,5961.520,0.010,-0.011,1500c,1.8e+06,,,
Hg,2,5978.916,0.003,,,,180h,,,,
Hg,2,6032.653,0.003,,,,60h,,,,
Hg,2,6041.045,0.003,6041.047,0.005,-0.002,180h,4.5e+06,,,
Hg,1,6072.64,0.10,6072.66,0.06,-0.02,30,6.e+04,E,,
Hg,2,6089.794,0.004,6089.800,0.004,-0.006,8000c,2.7e+06,,,
Hg,2,6100.096,0.003,,,,100,,,,
Hg,2,6100.332,0.004,6100.342,0.005,-0.010,5000c,1.8e+07,,,
Hg,1,6123.27,0.05,6123.25,0.05,0.02,3,,,,
Hg,2,6141.773,0.003,,,,150,,,,
Hg,2,6146.435,0.003,,,,1500000,,,,
Hg,2,6146.845,0.003,,,,350w,,,,
Hg,2,6149.475,0.001,6149.4726,0.0024,0.002,25000000c,6.2e+07,,,
Hg,2,6152.002,0.003,,,,120,,,,
Hg,2,6157.138,0.003,,,,120,,,,
Hg,2,6158.303,0.003,,,,1000,,,,
Hg,2,6194.289,0.003,,,,70h,,,,
Hg,2,6196.409,0.003,6196.421,0.006,-0.012,250c,3.0e+06,,,
Hg,1,6234.36,0.10,6234.35,0.05,0.01,50,3.0e+05,D,,
Hg,2,6242.222,0.003,,,,65000,,,,
Hg,2,6291.228,0.003,6291.230,0.004,-0.002,65000,2.6e+07,,,
Hg,2,6360.199,0.003,6360.199,0.005,0.000,150h,4.8e+06,,,
Hg,2,6394.890,0.003,6394.888,0.005,0.002,55000,1.8e+07,,,
Hg,2,6440.547,0.003,6440.548,0.005,-0.001,30h,1.8e+05,,,
Hg,2,6521.092,0.003,6521.095,0.004,-0.003,150000c,1.6e+07,,,
Hg,1,6701.6,0.3,6702.10,0.13,-0.5,2,,,,
Hg,2,6702.030,0.003,6702.032,0.004,-0.002,170h,5.3e+06,,,
Hg,1,6716.34,0.10,6716.36,0.07,-0.02,600,2.4e+05,D,,
Hg,1,6721.1,0.3,,,,5,,,,
Hg,1,6725.2,0.3,6724.78,0.14,0.4,1,,,,
Hg,1,6741.0,0.3,6741.60,0.14,-0.6,0,,,,
Hg,1,6747.1,0.3,,,,2,,,,
Hg,1,6750.9,0.3,6751.39,0.18,-0.5,2,,,,
Hg,1,6773.2,0.3,6772.57,0.14,0.6,1,,,,
Hg,1,6784.6,0.3,6785.16,0.14,-0.6,4,,,,
Hg,1,6811.6,0.3,6811.28,0.14,0.3,2,,,,
Hg,1,6827.0,0.3,6827.15,0.19,-0.1,5,,,,
Hg,1,6852.9,0.3,,,,0,,,,
Hg,1,6861.0,0.3,6860.46,0.14,0.5,3,,,,
Hg,1,6870.7,0.3,,,,4,,,,
Hg,1,6880.4,0.3,6880.81,0.14,-0.4,4,,,,
Hg,1,6888.564,0.005,6888.563,0.003,0.001,,,,,
Hg,1,6907.46,0.11,6907.46,0.04, 0.00,1000,1.6e+06,D,,
Hg,1,6915.6,0.3,,,,5,,,,
Hg,1,6924.3,0.3,6924.13,0.10,0.2,3,,,,
Hg,1,6934.0,0.3,,,,1,,,,
Hg,1,6944.1,0.3,,,,4,,,,
Hg,2,6945.474,0.003,6945.474,0.005,0.000,120h,2.2e+06,,,
Hg,1,6950.7,0.3,6950.85,0.15,-0.1,5,,,,
Hg,1,6977.2,0.3,,,,,,,,
Hg,1,7009.2,0.3,7009.08,0.10,0.1,4,,,,
Hg,1,7022,1,7022.2,0.3,-0.2,0,,,,
Hg,1,7045.7,0.3,7045.54,0.15,0.2,8,,,,
Hg,1,7081.901,0.005,7081.901,0.005,0.000,1000,,,,
Hg,1,7091.860,0.005,7091.860,0.005,0.000,800,,,,
Hg,1,7101.3,0.3,,,,2,,,,
Hg,1,7120.0,0.3,,,,2,,,,
Hg,1,7125.6,0.3,7125.21,0.20,0.4,6*,,,,
Hg,1,7125.6,0.3,7125.3,0.3,0.3,6*,,,,
Hg,1,7125.6,0.3,7126.14,0.10,-0.5,6*,,,,
Hg,1,7135.0,0.3,7134.86,0.15,0.1,4,,,,
Hg,1,7147.6,0.3,7148.04,0.15,-0.4,2d,,,,
Hg,1,7154.2,0.3,,,,0d,,,,
Hg,1,7162.2,0.3,7162.27,0.21,-0.1,5,,,,
Hg,1,7169.0,0.3,,,,2,,,,
Hg,1,7170.6,0.6,7170.53,0.15,0.1,0,,,,
Hg,1,7177.8,0.3,7177.77,0.15,0.0,10,,,,
Hg,1,7190.9,0.3,7191.18,0.16,-0.3,3,,,,
Hg,1,7193.5,0.3,7193.54,0.16, 0.0,4,,,,